20 0.103696 0.454664 0.441641 0
20 0.0951234 0.504845 0.396919 0.0031127
20 0.0779652 0.577343 0.344692 0
20 0.121519 0.531425 0.347056 0
20 0.0386178 0.704568 0.256814 0
20 0.0714005 0.551701 0.376898 0
20 0.0732958 0.513998 0.412706 0
20 0.0586729 0.603133 0.338194 0
20 0.0568372 0.588593 0.35457 0
20 0.127592 0.512617 0.359792 0
20 0.0547009 0.691345 0.253954 0
20 0.0529826 0.535266 0.39684 0.0149114
20 0.0629944 0.537507 0.399498 0
20 0.0942524 0.49445 0.411297 0
20 0.047118 0.633699 0.319183 0
20 0.0673524 0.559064 0.349069 0.0245141
20 0.0428093 0.667753 0.289438 0
20 0.0517067 0.637608 0.290327 0.0203591
20 0.0523719 0.621397 0.326232 0
20 0.0450484 0.6762 0.278752 0
20 0.0682989 0.590773 0.340928 0
20 0.0524214 0.598946 0.348632 0
20 0.0578853 0.536326 0.38497 0.0208192
20 0.0515353 0.611644 0.336821 0
20 0.069639 0.612355 0.318006 0
20 0.0908577 0.481039 0.428104 0
20 0.0543068 0.63653 0.309163 0
20 0.0594928 0.567774 0.372734 0
20 0.0630121 0.580756 0.356232 0
20 0.0458921 0.603057 0.351051 0
20 0.0799869 0.556889 0.363124 0
20 0.0590226 0.604528 0.336449 0
20 0.0428994 0.64259 0.314511 0
20 0.0860551 0.533085 0.38086 0
20 0.0430412 0.630936 0.326023 0
20 0.0868705 0.523932 0.389198 0
20 0.0543038 0.594967 0.350729 0
20 0.0440124 0.664018 0.29197 0
20 0.110341 0.404812 0.484847 0
20 0.0479199 0.64074 0.31134 0
20 0.0465819 0.640751 0.312667 0
20 0.0590108 0.506309 0.396782 0.0378982
20 0.0427832 0.646271 0.310946 0
20 0.0452373 0.643619 0.311144 0
20 0.056112 0.547586 0.396302 0
20 0.0459768 0.680048 0.273975 0
20 0.048566 0.582928 0.368506 0
20 0.0551828 0.620491 0.324326 0
20 0.0615539 0.632909 0.305537 0
20 0.0548409 0.593288 0.351871 0
20 0.0729709 0.547961 0.379068 0
20 0.0735896 0.545261 0.342691 0.0384579
20 0.0509719 0.586337 0.362691 0
20 0.0725938 0.53804 0.389367 0
20 0.0534025 0.670171 0.276427 0
20 0.055232 0.623372 0.321396 0
20 0.0431347 0.704154 0.252712 0
20 0.0483228 0.648764 0.302913 0
20 0.0696728 0.516522 0.413805 0
20 0.127546 0.472704 0.39975 0
20 0.0672942 0.601858 0.330848 0
20 0.0505545 0.643487 0.305959 0
20 0.0369524 0.624597 0.310703 0.0277471
20 0.0726474 0.47652 0.450833 0
20 0.0902863 0.573326 0.336388 0
20 0.0457167 0.661455 0.292829 0
20 0.0627257 0.586422 0.350853 0
20 0.0306795 0.609461 0.359859 0
20 0.045033 0.629237 0.32573 0
20 0.0557634 0.575936 0.3683 0
20 0.0628695 0.586656 0.350474 0
20 0.0448608 0.547856 0.407283 0
20 0.0573946 0.577005 0.365601 0
20 0.0714592 0.619151 0.30939 0
20 0.0684518 0.587244 0.344304 0
20 0.0630616 0.576958 0.35998 0
20 0.061184 0.567469 0.371347 0
20 0.0506804 0.603644 0.345675 0
20 0.0884242 0.607204 0.304372 0
20 0.0643729 0.580655 0.354973 0
20 0.0608265 0.564744 0.37443 0
20 0.0269505 0.656257 0.316792 0
20 0.0862807 0.535882 0.377837 0
20 0.0497324 0.651432 0.298835 0
20 0.0957525 0.52157 0.382678 0
20 0.0428031 0.62527 0.331927 0
20 0.0571518 0.634047 0.308801 0
20 0.0500639 0.61575 0.334186 0
20 0.182141 0.373195 0.444665 0
20 0.0485912 0.643387 0.308022 0
20 0.0325253 0.709556 0.257919 0
20 0.0514448 0.571903 0.376652 0
20 0.0960461 0.611721 0.292232 0
20 0.0835781 0.576116 0.340306 0
20 0.0771593 0.650904 0.271937 0
20 0.0502469 0.623222 0.326532 0
20 0.0565285 0.631223 0.312249 0
20 0.0419084 0.594269 0.363823 0
20 0.031614 0.680393 0.287993 0
20 0.0585131 0.59078 0.350707 0
