30 0.426761 0.222727 0.350512 0
30 0.424952 0.221149 0.353899 0
30 0.530053 0.0725377 0.397409 0
30 0.325123 0.349422 0.325455 0
30 0.275605 0.444869 0.279526 0
30 0.557333 0.0488054 0.393861 0
30 0.445324 0.190667 0.364009 0
30 0.4008 0.216159 0.361141 0.0219001
30 0.321359 0.387316 0.291324 0
30 0.245616 0.51259 0.241794 0
30 0.402557 0.230026 0.367417 0
30 0.479471 0.135089 0.385441 0
30 0.446666 0.178732 0.374602 0
30 0.45287 0.171554 0.375576 0
30 0.334218 0.341678 0.324104 0
30 0.467022 0.22929 0.303688 0
30 0.352605 0.338208 0.309187 0
30 0.432032 0.195626 0.372342 0
30 0.35702 0.292927 0.350053 0
30 0.4277 0.216148 0.356152 0
30 0.502778 0.102905 0.394317 0
30 0.421194 0.194657 0.384148 0
30 0.482549 0.162147 0.355304 0
30 0.515356 0.0705004 0.414143 0
30 0.519572 0.0821489 0.398279 0
30 0.265471 0.497008 0.237521 0
30 0.342262 0.384378 0.270955 0.00240563
30 0.478011 0.041512 0.439467 0.0410098
30 0.390725 0.210464 0.398811 0
30 0.395952 0.298262 0.305786 0
30 0.282848 0.449672 0.26748 0
30 0.558026 0.00308648 0.438888 0
30 0.444891 0.181079 0.374029 0
30 0.433774 0.23821 0.328016 0
30 0.337393 0.353334 0.309272 0
30 0.450744 0.169101 0.380155 0
30 0.420788 0.228709 0.350503 0
30 0.382321 0.269088 0.348591 0
30 0.344051 0.361185 0.294763 0
30 0.402759 0.263084 0.334157 0
30 0.3893 0.231573 0.379127 0
30 0.415645 0.238233 0.346122 0
30 0.428388 0.193351 0.378261 0
30 0.407796 0.248634 0.34357 0
30 0.414996 0.261571 0.323433 0
30 0.453585 0.147258 0.399157 0
30 0.427488 0.210152 0.36236 0
30 0.405147 0.219107 0.375746 0
30 0.353707 0.30129 0.345003 0
30 0.496172 0.100237 0.403591 0
30 0.478269 0.120035 0.389382 0.0123135
30 0.434279 0.192795 0.372925 0
30 0.382157 0.279969 0.337874 0
30 0.426486 0.250531 0.322982 0
30 0.463244 0.10699 0.429765 0
30 0.343325 0.372431 0.284244 0
30 0.395755 0.214998 0.389247 0
30 0.284537 0.426331 0.289132 0
30 0.428966 0.261813 0.309222 0
30 0.494668 0.093746 0.411586 0
30 0.44545 0.200569 0.35398 0
30 0.45125 0.184584 0.364165 0
30 0.452686 0.190619 0.356696 0
30 0.500202 0.0960496 0.403749 0
30 0.335996 0.35127 0.312734 0
30 0.399632 0.225008 0.37536 0
30 0.434523 0.205658 0.35982 0
30 0.506806 0.0604567 0.432737 0
30 0.426384 0.245788 0.327828 0
30 0.476539 0.172865 0.350597 0
30 0.417578 0.205647 0.376775 0
30 0.47057 0.146639 0.352128 0.0306626
30 0.412556 0.230119 0.357325 0
30 0.384344 0.260994 0.354662 0
30 0.408162 0.2045 0.387338 0
30 0.415428 0.226298 0.358274 0
30 0.467186 0.133901 0.398914 0
30 0.419951 0.230838 0.34921 0
30 0.476873 0.109284 0.413843 0
30 0.313237 0.398632 0.288131 0
30 0.416948 0.283998 0.299054 0
30 0.335605 0.399615 0.26478 0
30 0.338615 0.350579 0.310807 0
30 0.345049 0.345155 0.309796 0
30 0.459475 0.163138 0.377386 0
30 0.372723 0.311588 0.315689 0
30 0.517128 0.0838434 0.399029 0
30 0.458708 0.19788 0.343412 0
30 0.308552 0.420749 0.270698 0
30 0.403976 0.258144 0.33788 0
30 0.428329 0.204628 0.367043 0
30 0.292129 0.456245 0.251626 0
30 0.463997 0.178597 0.357406 0
30 0.300821 0.414018 0.285162 0
30 0.275316 0.458811 0.265873 0
30 0.474677 0.0888914 0.403112 0.03332
30 0.420515 0.257061 0.322423 0
30 0.386686 0.262792 0.350522 0
30 0.489971 0.051809 0.45822 0
30 0.484732 0.134602 0.380665 0
