5 0.0466871 0.678976 0.274337 0
5 0.0575947 0.686223 0.253809 0.0023739
5 0.0507231 0.684601 0.264676 0
5 0.0408256 0.723459 0.235715 0
5 0.0461027 0.732456 0.221442 0
5 0.0359706 0.716433 0.247596 0
5 0.0594786 0.666076 0.274446 0
5 0.0236467 0.732141 0.244213 0
5 0.0483601 0.717143 0.234497 0
5 0.0655586 0.656652 0.27779 0
5 0.0449175 0.712538 0.242544 0
5 0.0473767 0.705358 0.247265 0
5 0.0520893 0.694677 0.253234 0
5 0.0581501 0.702177 0.239673 0
5 0.0256276 0.76026 0.214113 0
5 0.027516 0.727592 0.244892 0
5 0.0358631 0.74242 0.221717 0
5 0.0335129 0.727539 0.238948 0
5 0.0455526 0.735878 0.218569 0
5 0.0399623 0.726135 0.233903 0
5 0.0443426 0.737505 0.210949 0.00720355
5 0.0638272 0.679008 0.257165 0
5 0.0518909 0.716165 0.231944 0
5 0.0416814 0.682606 0.275713 0
5 0.0620554 0.711825 0.22612 0
5 0.0287454 0.789565 0.179292 0.00239776
5 0.0535728 0.691172 0.255255 0
5 0.0518727 0.72049 0.227637 0
5 0.0420008 0.721076 0.236924 0
5 0.0356678 0.730071 0.234261 0
5 0.0281944 0.762194 0.209612 0
5 0.0436527 0.706872 0.239769 0.00970605
5 0.019418 0.798031 0.182551 0
5 0.0477372 0.746046 0.206217 0
5 0.0425902 0.747165 0.210245 0
5 0.051179 0.680426 0.268395 0
5 0.0449144 0.733772 0.221314 0
5 0.0422889 0.711609 0.246102 0
5 0.0387785 0.73968 0.221542 0
5 0.0426952 0.713497 0.243808 0
5 0.0509191 0.729155 0.219926 0
5 0.0658676 0.682853 0.251279 0
5 0.0376152 0.725926 0.236459 0
5 0.0425108 0.733728 0.223761 0
5 0.0668207 0.705622 0.227558 0
5 0.0452309 0.738446 0.216323 0
5 0.0602469 0.664277 0.275476 0
5 0.0623419 0.677849 0.259809 0
5 0.0428145 0.691407 0.265779 0
5 0.0381939 0.719527 0.242279 0
5 0.0399856 0.719628 0.240387 0
5 0.0235905 0.768038 0.208371 0
5 0.0405256 0.691842 0.267633 0
5 0.0627455 0.670992 0.266262 0
5 0.0455233 0.726113 0.228363 0
5 0.0481964 0.724327 0.227477 0
5 0.0471191 0.721443 0.231438 0
5 0.0379793 0.740443 0.221578 0
5 0.0413776 0.746824 0.211798 0
5 0.0275716 0.759723 0.212705 0
5 0.0543324 0.656807 0.288861 0
5 0.02096 0.757811 0.206423 0.0148063
5 0.0377829 0.718147 0.24407 0
5 0.0462547 0.725341 0.228404 0
5 0.0462569 0.704951 0.248792 0
5 0.0594145 0.703084 0.237501 0
5 0.0579589 0.681816 0.260225 0
5 0.0332478 0.727825 0.238927 0
5 0.0423441 0.730671 0.226985 0
5 0.0274999 0.699233 0.273267 0
5 0.044529 0.736213 0.219259 0
5 0.0263015 0.763384 0.210314 0
5 0.0431055 0.713446 0.243449 0
5 0.0518893 0.681728 0.266383 0
5 0.049869 0.688018 0.249261 0.0128515
5 0.0332494 0.759184 0.207566 0
5 0.0404788 0.717901 0.24162 0
5 0.0612104 0.668952 0.269838 0
5 0.0426181 0.716935 0.240446 0
5 0.051755 0.673236 0.275009 0
5 0.0456352 0.715801 0.238564 0
5 0.042128 0.726403 0.231469 0
5 0.0485177 0.722839 0.228643 0
5 0.0556696 0.712486 0.231844 0
5 0.0355111 0.745755 0.217096 0.00163827
5 0.0396658 0.709497 0.223596 0.0272421
5 0.0591448 0.681155 0.259701 0
5 0.0394209 0.700125 0.260454 0
5 0.0481857 0.742742 0.209073 0
5 0.0579182 0.73943 0.202652 0
5 0.0239333 0.721649 0.254417 0
5 0.0220766 0.771805 0.206119 0
5 0.0344904 0.703977 0.261532 0
5 0.046418 0.732849 0.220733 0
5 0.029582 0.712362 0.258056 0
5 0.0477372 0.701871 0.250392 0
5 0.0270402 0.696208 0.2587 0.0180515
5 0.0709972 0.681391 0.247611 0
5 0.0504714 0.69026 0.259269 0
5 0.051501 0.72637 0.222129 0
