20 0.236073 0.442508 0.308131 0.0132885
20 0.217475 0.521876 0.260649 0
20 0.238876 0.405117 0.350699 0.00530836
20 0.198675 0.516436 0.284889 0
20 0.219073 0.451585 0.329342 0
20 0.215643 0.479737 0.30462 0
20 0.23416 0.460493 0.305347 0
20 0.228513 0.488622 0.282865 0
20 0.202515 0.524905 0.27258 0
20 0.231941 0.420243 0.347816 0
20 0.217486 0.459245 0.323268 0
20 0.2737 0.396101 0.330199 0
20 0.214408 0.572784 0.212808 0
20 0.225464 0.441358 0.333178 0
20 0.250432 0.395608 0.353959 0
20 0.208092 0.487796 0.304113 0
20 0.210372 0.503163 0.286465 0
20 0.248249 0.425979 0.325772 0
20 0.189248 0.492577 0.318176 0
20 0.177924 0.485763 0.313554 0.0227593
20 0.264521 0.416382 0.319097 0
20 0.302981 0.334525 0.362494 0
20 0.217006 0.47185 0.311144 0
20 0.172291 0.528107 0.299603 0
20 0.281203 0.380123 0.338674 0
20 0.205319 0.48015 0.31453 0
20 0.194175 0.484569 0.321256 0
20 0.204714 0.478737 0.316548 0
20 0.186587 0.551284 0.262129 0
20 0.194875 0.491449 0.313675 0
20 0.205138 0.521759 0.273103 0
20 0.291303 0.38244 0.326257 0
20 0.197881 0.507133 0.294986 0
20 0.318243 0.31402 0.367737 0
20 0.187824 0.53491 0.277266 0
20 0.243967 0.402062 0.353971 0
20 0.22207 0.441234 0.336696 0
20 0.257207 0.416356 0.326437 0
20 0.236992 0.4432 0.319808 0
20 0.18493 0.514726 0.29 0.0103446
20 0.203939 0.467684 0.328377 0
20 0.163873 0.540102 0.269692 0.0263327
20 0.302452 0.275272 0.422276 0
20 0.203425 0.487351 0.309224 0
20 0.181536 0.513639 0.304826 0
20 0.227483 0.471982 0.300535 0
20 0.213931 0.486709 0.299359 0
20 0.249609 0.444185 0.306206 0
20 0.304249 0.327358 0.368394 0
20 0.220125 0.542758 0.237118 0
20 0.246562 0.408063 0.345375 0
20 0.197493 0.519867 0.282641 0
20 0.168305 0.60379 0.227904 0
20 0.263807 0.421236 0.314957 0
20 0.197142 0.515731 0.287127 0
20 0.193914 0.491466 0.31462 0
20 0.27861 0.375149 0.346241 0
20 0.213672 0.489302 0.297025 0
20 0.205855 0.491115 0.303029 0
20 0.273519 0.386542 0.339939 0
20 0.153666 0.621527 0.224807 0
20 0.235503 0.46515 0.299348 0
20 0.2162 0.471567 0.312233 0
20 0.241617 0.393565 0.364818 0
20 0.242953 0.412791 0.344256 0
20 0.223036 0.464876 0.312088 0
20 0.210977 0.510772 0.278251 0
20 0.197802 0.512495 0.289702 0
20 0.200401 0.513266 0.286333 0
20 0.136316 0.598394 0.26529 0
20 0.208188 0.492035 0.299777 0
20 0.249659 0.412756 0.337585 0
20 0.206229 0.494529 0.299242 0
20 0.155123 0.563327 0.28155 0
20 0.199412 0.483467 0.317122 0
20 0.224404 0.455233 0.320363 0
20 0.187586 0.539114 0.2733 0
20 0.251786 0.418628 0.329585 0
20 0.297566 0.346534 0.3559 0
20 0.270042 0.434635 0.295323 0
20 0.238014 0.455154 0.306832 0
20 0.17606 0.545608 0.278332 0
20 0.166867 0.523076 0.310057 0
20 0.234642 0.457054 0.308304 0
20 0.195469 0.46248 0.332656 0.00939472
20 0.188972 0.481781 0.329247 0
20 0.255203 0.412737 0.33206 0
20 0.197314 0.453671 0.303041 0.0459736
20 0.185566 0.567059 0.247375 0
20 0.279364 0.3658 0.354836 0
20 0.222436 0.465246 0.312318 0
20 0.232656 0.416549 0.350795 0
20 0.252339 0.433051 0.31461 0
20 0.196118 0.471244 0.332639 0
20 0.216225 0.408429 0.346367 0.0289784
20 0.210033 0.454326 0.325916 0.00972453
20 0.226668 0.416065 0.357268 0
20 0.214622 0.435677 0.349701 0
20 0.190146 0.535354 0.2745 0
20 0.271377 0.441027 0.287596 0
