30 0.369373 0.301208 0.329419 0
30 0.375722 0.297211 0.327067 0
30 0.511131 0.127955 0.360914 0
30 0.330547 0.32856 0.340893 0
30 0.363211 0.257945 0.354477 0.0243673
30 0.388346 0.230342 0.381313 0
30 0.506642 0.0651617 0.428196 0
30 0.405403 0.208825 0.385773 0
30 0.344083 0.361902 0.294016 0
30 0.46407 0.155588 0.380342 0
30 0.561793 0.000851678 0.422071 0.0152839
30 0.473006 0.12959 0.397404 0
30 0.473401 0.101773 0.405592 0.0192342
30 0.377347 0.303144 0.319508 0
30 0.483418 0.146947 0.369635 0
30 0.310257 0.401253 0.28849 0
30 0.447014 0.181716 0.37127 0
30 0.425349 0.228483 0.346168 0
30 0.352747 0.292941 0.334442 0.0198695
30 0.453071 0.17996 0.36697 0
30 0.298662 0.413589 0.287749 0
30 0.299477 0.382409 0.318114 0
30 0.358591 0.315062 0.326347 0
30 0.301061 0.371996 0.326943 0
30 0.305071 0.444457 0.250472 0
30 0.431777 0.200488 0.367735 0
30 0.395748 0.216095 0.388157 0
30 0.337958 0.35835 0.303691 0
30 0.434714 0.162495 0.40279 0
30 0.386449 0.253567 0.35433 0.00565408
30 0.46091 0.170478 0.368612 0
30 0.416254 0.222489 0.361257 0
30 0.412956 0.196371 0.390673 0
30 0.437167 0.221724 0.341109 0
30 0.509951 0.0559584 0.434091 0
30 0.410068 0.226807 0.363125 0
30 0.367062 0.292377 0.34056 0
30 0.384075 0.282433 0.333492 0
30 0.326033 0.376726 0.297241 0
30 0.369686 0.34451 0.285804 0
30 0.473436 0.160791 0.365773 0
30 0.482749 0.117649 0.399602 0
30 0.429145 0.241024 0.329831 0
30 0.486184 0.0982497 0.415566 0
30 0.371565 0.294438 0.333997 0
30 0.383893 0.270331 0.345776 0
30 0.440024 0.158896 0.401081 0
30 0.398059 0.260781 0.34116 0
30 0.402725 0.20564 0.391635 0
30 0.41325 0.311234 0.275516 0
30 0.436427 0.183805 0.379769 0
30 0.508535 0.144149 0.347316 0
30 0.457595 0.149705 0.3927 0
30 0.559498 0.0515828 0.388919 0
30 0.356605 0.286723 0.356672 0
30 0.360837 0.363889 0.275275 0
30 0.347321 0.343235 0.284475 0.0249688
30 0.362452 0.299578 0.316017 0.0219532
30 0.418771 0.23307 0.348159 0
30 0.368811 0.286516 0.344673 0
30 0.435091 0.179589 0.38532 0
30 0.424808 0.209849 0.365343 0
30 0.449956 0.108455 0.41566 0.0259296
30 0.35603 0.323959 0.320011 0
30 0.384158 0.271348 0.344493 0
30 0.402009 0.256156 0.341834 0
30 0.410473 0.236961 0.352566 0
30 0.400496 0.296426 0.303078 0
30 0.476175 0.157341 0.366484 0
30 0.362162 0.300472 0.337365 0
30 0.403564 0.248549 0.347887 0
30 0.426154 0.199201 0.374644 0
30 0.383356 0.303387 0.313256 0
30 0.468246 0.177652 0.354103 0
30 0.427379 0.199979 0.372641 0
30 0.328463 0.383815 0.287722 0
30 0.357465 0.311253 0.331282 0
30 0.385273 0.274976 0.339752 0
30 0.381664 0.277949 0.340387 0
30 0.435921 0.177195 0.386884 0
30 0.504877 0.123578 0.371545 0
30 0.486969 0.111321 0.401709 0
30 0.457076 0.200017 0.342907 0
30 0.549706 0.0657199 0.384574 0
30 0.349305 0.301968 0.348727 0
30 0.341597 0.352789 0.305615 0
30 0.357823 0.314915 0.327262 0
30 0.429066 0.190722 0.326265 0.0539467
30 0.310903 0.389434 0.299664 0
30 0.370495 0.305599 0.323906 0
30 0.34932 0.279848 0.350265 0.0205682
30 0.372865 0.306604 0.32053 0
30 0.429458 0.203208 0.367333 0
30 0.516465 0.101154 0.38238 0
30 0.42525 0.158114 0.416636 0
30 0.430132 0.220504 0.349365 0
30 0.382852 0.292921 0.324227 0
30 0.3138 0.435438 0.250761 0
30 0.410271 0.186841 0.402888 0
30 0.455916 0.156091 0.387993 0
