15 0.145732 0.401296 0.452973 0
15 0.21452 0.358045 0.427434 0
15 0.10448 0.50068 0.39484 0
15 0.10217 0.438166 0.459665 0
15 0.149388 0.473734 0.376877 0
15 0.105914 0.49647 0.397617 0
15 0.147797 0.433008 0.415457 0.00373795
15 0.127936 0.431425 0.440639 0
15 0.162719 0.378851 0.45843 0
15 0.12394 0.519711 0.356349 0
15 0.124176 0.47355 0.399754 0.00251902
15 0.145247 0.499242 0.352656 0.00285558
15 0.0957249 0.556238 0.348037 0
15 0.0886005 0.487174 0.424226 0
15 0.135822 0.500454 0.363724 0
15 0.142001 0.462199 0.387247 0.00855288
15 0.139668 0.513762 0.343833 0.00273724
15 0.196543 0.433363 0.370094 0
15 0.155151 0.409814 0.435035 0
15 0.139803 0.508521 0.351676 0
15 0.0819844 0.549636 0.361868 0.00651239
15 0.137467 0.476326 0.386208 0
15 0.129251 0.51342 0.357329 0
15 0.104026 0.552928 0.297711 0.0453353
15 0.0970779 0.538417 0.364505 0
15 0.139333 0.512212 0.348454 0
15 0.126265 0.463943 0.409792 0
15 0.0915617 0.550648 0.35779 0
15 0.0998791 0.544217 0.355904 0
15 0.0927519 0.527547 0.379702 0
15 0.134538 0.476742 0.388721 0
15 0.106925 0.499655 0.39342 0
15 0.170211 0.422319 0.40747 0
15 0.102773 0.496505 0.400722 0
15 0.125457 0.52664 0.347903 0
15 0.215532 0.396891 0.387577 0
15 0.132198 0.540423 0.327379 0
15 0.121011 0.525112 0.353878 0
15 0.16231 0.453353 0.384337 0
15 0.137996 0.51752 0.344484 0
15 0.106018 0.539367 0.354616 0
15 0.14632 0.43108 0.4226 0
15 0.163479 0.470887 0.365634 0
15 0.175858 0.459593 0.364549 0
15 0.109333 0.493316 0.397351 0
15 0.143556 0.44595 0.383537 0.0269565
15 0.114789 0.45341 0.4318 0
15 0.126791 0.471769 0.401439 0
15 0.130433 0.503217 0.36635 0
15 0.105898 0.490128 0.403974 0
15 0.118678 0.449024 0.432298 0
15 0.206961 0.53085 0.262189 0
15 0.140409 0.459489 0.400102 0
15 0.114788 0.470002 0.41521 0
15 0.104524 0.493372 0.402105 0
15 0.102096 0.559571 0.338333 0
15 0.0896418 0.523416 0.386942 0
15 0.108243 0.482626 0.409131 0
15 0.0894064 0.554567 0.356027 0
15 0.131997 0.491525 0.376478 0
15 0.127276 0.467681 0.405042 0
15 0.145162 0.580276 0.274562 0
15 0.128166 0.579874 0.29196 0
15 0.181988 0.367193 0.450818 0
15 0.125672 0.486373 0.387955 0
15 0.154479 0.433899 0.411623 0
15 0.0997992 0.498233 0.401968 0
15 0.109949 0.495875 0.394176 0
15 0.10727 0.513 0.37973 0
15 0.12032 0.494159 0.385522 0
15 0.124861 0.417547 0.457593 0
15 0.127782 0.50401 0.368208 0
15 0.13132 0.47465 0.39403 0
15 0.125256 0.534676 0.340068 0
15 0.177632 0.401088 0.42128 0
15 0.136956 0.5373 0.325744 0
15 0.144696 0.422014 0.43329 0
15 0.115645 0.478436 0.405919 0
15 0.162369 0.40228 0.435351 0
15 0.116081 0.412494 0.471426 0
15 0.14431 0.3118 0.54389 0
15 0.0910196 0.552542 0.353835 0.00260383
15 0.119654 0.484032 0.396315 0
15 0.125809 0.424338 0.371691 0.0781624
15 0.178303 0.512618 0.309079 0
15 0.106591 0.499416 0.393992 0
15 0.142359 0.453347 0.404294 0
15 0.141104 0.415062 0.443833 0
15 0.123135 0.493181 0.383684 0
15 0.120695 0.501386 0.377919 0
15 0.207636 0.445072 0.347292 0
15 0.151009 0.426098 0.422893 0
15 0.0945656 0.568955 0.336479 0
15 0.134133 0.402634 0.463233 0
15 0.169315 0.381506 0.449179 0
15 0.145042 0.442619 0.412339 0
15 0.293593 0.375726 0.330682 0
15 0.117038 0.511678 0.371285 0
15 0.123952 0.498137 0.377911 0
15 0.102865 0.471715 0.42542 0
