20 0.222503 0.475075 0.300345 0.00207719
20 0.228005 0.440423 0.32994 0.00163249
20 0.26316 0.385238 0.343636 0.00796575
20 0.25369 0.42151 0.320742 0.00405814
20 0.254886 0.432989 0.308204 0.00392152
20 0.263309 0.40338 0.327703 0.00560708
20 0.260955 0.423486 0.312244 0.00331568
20 0.261793 0.400436 0.335432 0.00233834
20 0.27454 0.377708 0.34242 0.0053318
20 0.2769 0.390211 0.323686 0.00920207
20 0.245008 0.418015 0.327637 0.00933947
20 0.252049 0.404751 0.337323 0.0058771
20 0.246849 0.423578 0.32591 0.00366351
20 0.291311 0.340357 0.359993 0.00833925
20 0.234772 0.433808 0.325916 0.00550367
20 0.254347 0.417158 0.32241 0.00608456
20 0.22975 0.471611 0.293406 0.00523272
20 0.383548 0.250445 0.364105 0.00190308
20 0.292921 0.361539 0.336908 0.00863175
20 0.224698 0.48671 0.284762 0.00382995
20 0.245195 0.42004 0.331466 0.00329924
20 0.22543 0.470022 0.299217 0.00533184
20 0.28384 0.382233 0.319721 0.0142056
20 0.235516 0.477835 0.283691 0.00295791
20 0.184713 0.564089 0.248007 0.00319095
20 0.243226 0.461581 0.286815 0.0083786
20 0.253296 0.442713 0.298617 0.00537401
20 0.219034 0.473988 0.299513 0.00746486
20 0.199313 0.510819 0.287097 0.0027705
20 0.263575 0.442393 0.289866 0.00416589
20 0.295524 0.340412 0.362901 0.00116215
20 0.187716 0.542877 0.267906 0.00150114
20 0.280266 0.378965 0.33551 0.00525957
20 0.183048 0.559858 0.256374 0.000720764
20 0.238129 0.440675 0.304927 0.0162693
20 0.229263 0.45746 0.309434 0.00384255
20 0.271495 0.400823 0.321915 0.00576731
20 0.236156 0.439585 0.318995 0.00526455
20 0.235976 0.469886 0.292095 0.00204275
20 0.26883 0.394328 0.332991 0.003851
20 0.248663 0.433038 0.313352 0.00494699
20 0.270799 0.382252 0.342123 0.00482634
20 0.272445 0.405732 0.318713 0.00311025
20 0.25101 0.430587 0.311894 0.00650955
20 0.232672 0.44021 0.323958 0.00316053
20 0.236159 0.4149 0.341441 0.00749996
20 0.190543 0.540326 0.267415 0.00171601
20 0.273465 0.374901 0.344927 0.00670672
20 0.258292 0.387875 0.347632 0.00620053
20 0.269805 0.385845 0.338008 0.00634135
20 0.231081 0.477521 0.28921 0.00218785
20 0.22305 0.465276 0.304852 0.0068228
20 0.231731 0.452358 0.307402 0.00850876
20 0.249503 0.418659 0.31794 0.0138976
20 0.276665 0.347019 0.372794 0.00352207
20 0.21682 0.481731 0.301283 0.000164907
20 0.291604 0.403424 0.300279 0.00469217
20 0.260439 0.424082 0.315262 0.000217168
20 0.238509 0.464938 0.291176 0.00537684
20 0.268902 0.369849 0.338187 0.0230614
20 0.202885 0.51579 0.278951 0.00237397
20 0.195764 0.550337 0.252529 0.00137074
20 0.240607 0.48756 0.268286 0.0035478
20 0.235156 0.440607 0.314859 0.0093786
20 0.255747 0.43582 0.304652 0.00378151
20 0.300001 0.337649 0.358018 0.00433234
20 0.240288 0.472722 0.286248 0.000742307
20 0.280666 0.377093 0.338436 0.00380554
20 0.221917 0.475226 0.298179 0.00467779
20 0.236343 0.47474 0.287323 0.00159342
20 0.245343 0.46109 0.293196 0.000370951
20 0.255087 0.372278 0.366276 0.00635854
20 0.244667 0.409354 0.344259 0.00171948
20 0.262059 0.397905 0.339201 0.00083599
20 0.26185 0.413316 0.321202 0.00363101
20 0.271047 0.386413 0.334621 0.00791824
20 0.275858 0.411585 0.308938 0.0036183
20 0.281029 0.356635 0.356593 0.00574278
20 0.254759 0.409763 0.331014 0.00446409
20 0.258727 0.406391 0.327292 0.00758989
20 0.225178 0.495734 0.276039 0.00304878
20 0.266355 0.415348 0.312745 0.00555201
20 0.260887 0.3549 0.368544 0.0156701
20 0.218068 0.464619 0.314404 0.0029091
20 0.228148 0.441088 0.325671 0.00509291
20 0.249814 0.44648 0.295282 0.00842402
20 0.196027 0.564961 0.238011 0.00100191
20 0.21189 0.507283 0.280694 0.000133198
20 0.230829 0.461027 0.304676 0.00346849
20 0.236846 0.456547 0.306088 0.000518888
20 0.385905 0.261827 0.351058 0.00120972
20 0.222228 0.471489 0.306166 0.000116954
20 0.223536 0.489507 0.284113 0.00284467
20 0.221717 0.449176 0.323566 0.00554071
20 0.247607 0.407771 0.338395 0.00622796
20 0.223294 0.458849 0.313818 0.00403878
20 0.218205 0.471514 0.30399 0.00629198
20 0.260491 0.401087 0.336378 0.00204382
20 0.274692 0.366856 0.353964 0.00448858
20 0.227617 0.455597 0.31604 0.000746284
