10 0.100319 0.578501 0.32118 0
10 0.072866 0.605888 0.321246 0
10 0.1028 0.53656 0.36064 0
10 0.0930416 0.590853 0.316105 0
10 0.0862267 0.597474 0.3163 0
10 0.0607482 0.683467 0.255784 0
10 0.238387 0.459532 0.302081 0
10 0.0683287 0.668478 0.263193 0
10 0.0968629 0.592072 0.311066 0
10 0.085616 0.632676 0.281708 0
10 0.104232 0.586862 0.308906 0
10 0.0947831 0.583467 0.32175 0
10 0.0593213 0.663744 0.276934 0
10 0.0760431 0.639757 0.2842 0
10 0.089314 0.616328 0.294358 0
10 0.0798935 0.650015 0.270091 0
10 0.074873 0.647096 0.278031 0
10 0.124912 0.546068 0.32902 0
10 0.0832021 0.645131 0.271666 0
10 0.0807367 0.59346 0.325803 0
10 0.112529 0.534749 0.352722 0
10 0.066395 0.646844 0.251617 0.0351446
10 0.11032 0.595463 0.277982 0.0162342
10 0.0892952 0.530216 0.355951 0.0245377
10 0.102356 0.583911 0.313733 0
10 0.0766998 0.639829 0.283471 0
10 0.0674187 0.67477 0.257811 0
10 0.133895 0.558498 0.307607 0
10 0.0751321 0.60535 0.280598 0.0389193
10 0.0442331 0.627198 0.328569 0
10 0.0860427 0.641268 0.272689 0
10 0.109321 0.610839 0.27984 0
10 0.0954351 0.611223 0.293341 0
10 0.088135 0.615584 0.296281 0
10 0.115655 0.596208 0.288138 0
10 0.118687 0.55106 0.330253 0
10 0.108556 0.577941 0.313504 0
10 0.0883142 0.561416 0.35027 0
10 0.115054 0.60418 0.280766 0
10 0.0816125 0.642283 0.276105 0
10 0.0909976 0.556693 0.352309 0
10 0.0749919 0.619187 0.305821 0
10 0.0998549 0.647099 0.253046 0
10 0.090472 0.631258 0.27827 0
10 0.0858065 0.588076 0.326117 0
10 0.057071 0.658134 0.284795 0
10 0.0710548 0.561931 0.31817 0.0488439
10 0.0875565 0.628877 0.283566 0
10 0.0934663 0.565022 0.341511 0
10 0.084166 0.63672 0.279114 0
10 0.0779715 0.628293 0.293736 0
10 0.111903 0.610215 0.250402 0.0274802
10 0.191227 0.559973 0.2488 0
10 0.0943309 0.635451 0.270218 0
10 0.105399 0.619988 0.274613 0
10 0.0920845 0.638841 0.269075 0
10 0.0787086 0.626009 0.295283 0
10 0.0768673 0.60064 0.322493 0
10 0.0868818 0.642195 0.270923 0
10 0.104906 0.554433 0.340661 0
10 0.0917681 0.589374 0.318857 0
10 0.127366 0.561795 0.310839 0
10 0.0817821 0.604586 0.313632 0
10 0.11495 0.533121 0.309742 0.0421862
10 0.0731617 0.616591 0.310248 0
10 0.0686585 0.614581 0.316761 0
10 0.0851688 0.649006 0.265825 0
10 0.0819822 0.633683 0.284335 0
10 0.0915182 0.583304 0.325178 0
10 0.0707707 0.603097 0.326132 0
10 0.0559372 0.66897 0.275093 0
10 0.0952909 0.637638 0.267072 0
10 0.10574 0.593386 0.300874 0
10 0.109384 0.585965 0.304651 0
10 0.0863989 0.565774 0.347827 0
10 0.128563 0.513114 0.358323 0
10 0.0897358 0.617659 0.292605 0
10 0.0985067 0.644156 0.257337 0
10 0.0561862 0.682261 0.261553 0
10 0.0672683 0.633654 0.299078 0
10 0.0702548 0.664267 0.265478 0
10 0.0886058 0.57636 0.335034 0
10 0.0776202 0.62099 0.30139 0
10 0.0860488 0.587181 0.32677 0
10 0.103639 0.5861 0.310261 0
10 0.0887056 0.613023 0.298271 0
10 0.093932 0.606713 0.299355 0
10 0.0930207 0.572102 0.334877 0
10 0.105265 0.566688 0.328046 0
10 0.0686785 0.641065 0.290257 0
10 0.127309 0.531745 0.340946 0
10 0.0889079 0.584358 0.326734 0
10 0.0842341 0.598981 0.316785 0
10 0.0734369 0.692742 0.233821 0
10 0.0957065 0.608622 0.295672 0
10 0.0842721 0.540362 0.375366 0
10 0.0659622 0.639053 0.294985 0
10 0.0708967 0.679207 0.249896 0
10 0.106905 0.647754 0.245341 0
10 0.0808681 0.609046 0.310086 0
