30 0.203843 0.171972 0.624185 0
30 0.182064 0.0822258 0.73571 0
30 0.162832 0.220286 0.616882 0
30 0.120493 0.145658 0.733849 0
30 0.179018 0.152722 0.66826 0
30 0.11962 0.198985 0.681395 0
30 0.344678 0.195029 0.460293 0
30 0.207748 0.267173 0.52508 0
30 0.16454 0.250337 0.585123 0
30 0.239909 0.100991 0.522497 0.136604
30 0.196486 0.229006 0.574508 0
30 0.394973 0.15687 0.448157 0
30 0.22748 0.256171 0.516349 0
30 0.263312 0.0338026 0.702885 0
30 0.163679 0.263102 0.573219 0
30 0.173865 0.227626 0.598509 0
30 0.188081 0.093456 0.718463 0
30 0.235871 0.235756 0.528373 0
30 0.180015 0.195408 0.624577 0
30 0.323086 0.138564 0.538351 0
30 0.219893 0.172437 0.607669 0
30 0.143754 0.284504 0.571742 0
30 0.101328 0.0954982 0.556531 0.246642
30 0.176836 0.11681 0.706354 0
30 0.279449 0.0914607 0.62909 0
30 0.205731 0.188456 0.605813 0
30 0.093847 0.339717 0.566436 0
30 0.188709 0.117273 0.694017 0
30 0.215094 0.246391 0.538515 0
30 0.173984 0.0817863 0.74423 0
30 0.15076 0.202479 0.646761 0
30 0.224318 0.108189 0.667493 0
30 0.138826 0.266429 0.594745 0
30 0.320899 0.167601 0.5115 0
30 0.191045 0.220557 0.588398 0
30 0.151581 0.3122 0.536219 0
30 0.241816 0.0794625 0.678722 0
30 0.201855 0.114374 0.683771 0
30 0.160151 0.210807 0.629042 0
30 0.2439 0.150613 0.605487 0
30 0.145005 0.131531 0.723464 0
30 0.2257 0.101671 0.672629 0
30 0.164497 0.0846318 0.750871 0
30 0.21803 0.0536934 0.728277 0
30 0.221065 0.191678 0.587257 0
30 0.0781246 0.239876 0.681999 0
30 0.1304 0.250121 0.619479 0
30 0.115273 0.168086 0.716641 0
30 0.286005 0.201709 0.512286 0
30 0.317922 0.163256 0.518822 0
30 0.202138 0.0208682 0.776994 0
30 0.296981 0.0926331 0.610386 0
30 0.186153 0.202113 0.611734 0
30 0.274593 0.215293 0.510114 0
30 0.0864747 0.283164 0.630361 0
30 0.102137 0.207061 0.594097 0.0967052
30 0.164064 0.168017 0.66792 0
30 0.138197 0.0655412 0.796262 0
30 0.249237 0.170396 0.580367 0
30 0.119032 0.202722 0.678245 0
30 0.192396 0.207421 0.600183 0
30 0.11094 0.260919 0.628141 0
30 0.144011 0.165428 0.690561 0
30 0.15261 0.281415 0.565975 0
30 0.224194 0.184714 0.591092 0
30 0.16836 0.0359246 0.795716 0
30 0.122021 0.118731 0.759248 0
30 0.277625 0.183606 0.538769 0
30 0.153272 0.149631 0.697097 0
30 0.154204 0.22001 0.625786 0
30 0.169148 0.208501 0.622351 0
30 0.370493 0.132541 0.496966 0
30 0.23134 0.230285 0.538375 0
30 0.119059 0.183131 0.69781 0
30 0.162332 0.193135 0.644532 0
30 0.291323 0.170562 0.538116 0
30 0.313559 0.15422 0.532222 0
30 0.218085 0.17304 0.608874 0
30 0.266048 0.240806 0.493145 0
30 0.139875 0.218302 0.641822 0
30 0.153363 0.183272 0.663365 0
30 0.178913 0.176002 0.645084 0
30 0.187479 0.13282 0.6797 0
30 0.235151 0.267214 0.497635 0
30 0.184796 0.0640849 0.751119 0
30 0.276696 0.205757 0.517547 0
30 0.298085 0.149967 0.551948 0
30 0.128537 0.255568 0.615895 0
30 0.180756 0.194034 0.62521 0
30 0.184366 0.135172 0.680462 0
30 0.175583 0.11957 0.704847 0
30 0.110441 0.10717 0.557606 0.224783
30 0.112589 0.155867 0.731544 0
30 0.180482 0.334458 0.48506 0
30 0.140903 0.17828 0.680817 0
30 0.122805 0.179296 0.6979 0
30 0.415717 0.129594 0.454689 0
30 0.33883 0.141651 0.51952 0
30 0.459517 0.0858729 0.45461 0
30 0.137521 0.178107 0.684372 0
