30 0.41736 0.200341 0.382298 0
30 0.350389 0.363217 0.286395 0
30 0.37272 0.287237 0.340044 0
30 0.34807 0.36356 0.288369 0
30 0.383859 0.267049 0.349092 0
30 0.380246 0.284464 0.33529 0
30 0.474066 0.166771 0.359163 0
30 0.451399 0.196983 0.351618 0
30 0.495933 0.110144 0.393923 0
30 0.323109 0.378756 0.298135 0
30 0.400314 0.218129 0.381557 0
30 0.496557 0.125083 0.37836 0
30 0.374523 0.268168 0.357309 0
30 0.489182 0.139259 0.371558 0
30 0.361436 0.314922 0.323643 0
30 0.359716 0.362338 0.277946 0
30 0.419164 0.20309 0.377747 0
30 0.408635 0.248464 0.342901 0
30 0.520798 0.0705227 0.408679 0
30 0.396857 0.169278 0.41446 0.0194045
30 0.43207 0.198844 0.369086 0
30 0.469736 0.129895 0.394735 0.00563456
30 0.490523 0.135876 0.373601 0
30 0.505919 0.132893 0.361188 0
30 0.466696 0.12069 0.412614 0
30 0.452384 0.186768 0.360848 0
30 0.442294 0.222708 0.334998 0
30 0.410574 0.27262 0.316806 0
30 0.517342 0.103236 0.379422 0
30 0.522994 0.0873413 0.389665 0
30 0.401761 0.256011 0.342229 0
30 0.345706 0.308819 0.345475 0
30 0.445325 0.268865 0.28581 0
30 0.508706 0.0995366 0.391758 0
30 0.387477 0.277468 0.335054 0
30 0.451518 0.14691 0.401573 0
30 0.404804 0.224082 0.371115 0
30 0.342064 0.36647 0.291465 0
30 0.335905 0.379742 0.284353 0
30 0.518409 0.159074 0.322517 0
30 0.413467 0.213991 0.372543 0
30 0.410392 0.199885 0.389724 0
30 0.352234 0.339148 0.308617 0
30 0.369215 0.310991 0.319794 0
30 0.382962 0.288062 0.328976 0
30 0.331091 0.342546 0.326363 0
30 0.474958 0.150753 0.374289 0
30 0.462172 0.118907 0.418921 0
30 0.361493 0.31219 0.326318 0
30 0.462003 0.132358 0.40564 0
30 0.301612 0.37679 0.321598 0
30 0.3849 0.296685 0.318415 0
30 0.412679 0.185437 0.401884 0
30 0.40323 0.263291 0.333479 0
30 0.403635 0.229927 0.366438 0
30 0.510386 0.0712559 0.418358 0
30 0.417749 0.195393 0.386858 0
30 0.352651 0.33136 0.315989 0
30 0.467707 0.134693 0.3976 0
30 0.393555 0.223137 0.383309 0
30 0.50079 0.124383 0.374827 0
30 0.421859 0.226135 0.352007 0
30 0.338968 0.365682 0.29535 0
30 0.395256 0.301309 0.303435 0
30 0.517675 0.0821727 0.384931 0.0152212
30 0.421466 0.218271 0.360263 0
30 0.462968 0.117405 0.399948 0.0196788
30 0.425999 0.197161 0.37684 0
30 0.295929 0.423739 0.280332 0
30 0.43166 0.229949 0.338391 0
30 0.453351 0.149988 0.396661 0
30 0.398027 0.25669 0.345283 0
30 0.330848 0.35672 0.312433 0
30 0.441811 0.210467 0.347722 0
30 0.449348 0.172217 0.378435 0
30 0.413013 0.219159 0.367828 0
30 0.345228 0.327346 0.327425 0
30 0.418426 0.235611 0.345962 0
30 0.4385 0.236209 0.325291 0
30 0.453249 0.159371 0.38738 0
30 0.462952 0.158587 0.378461 0
30 0.31924 0.405115 0.275645 0
30 0.440384 0.193315 0.366301 0
30 0.448926 0.151752 0.399322 0
30 0.421117 0.221032 0.357851 0
30 0.304508 0.405133 0.290359 0
30 0.440357 0.180392 0.379251 0
30 0.454014 0.163512 0.382474 0
30 0.298824 0.409828 0.291348 0
30 0.536408 0.107677 0.355915 0
30 0.416174 0.187127 0.396699 0
30 0.349127 0.350101 0.300772 0
30 0.415062 0.240815 0.344123 0
30 0.304488 0.441479 0.246665 0.00736805
30 0.489923 0.148607 0.36147 0
30 0.331747 0.356225 0.312028 0
30 0.498654 0.127343 0.374003 0
30 0.458033 0.172337 0.36963 0
30 0.43185 0.157483 0.410667 0
30 0.298799 0.461749 0.239452 0
