10 0.00216917 0.671202 0.310816 0.015812
10 0.00434883 0.753159 0.242492 0
10 0.00154118 0.733194 0.265265 0
10 0.00093963 0.794129 0.204931 0
10 0.00153174 0.780856 0.217613 0
10 0.00177581 0.720055 0.278169 0
10 0.00875342 0.777182 0.214065 0
10 0.00218713 0.742826 0.254987 0
10 0.00173361 0.73776 0.260506 0
10 0.00396256 0.695869 0.283138 0.0170305
10 0.00386019 0.736685 0.259455 0
10 0.0166208 0.759292 0.224087 0
10 0.00946741 0.733781 0.250316 0.00643573
10 0.00314631 0.73847 0.258384 0
10 0.0199968 0.669556 0.29209 0.0183576
10 0.00604353 0.732248 0.261709 0
10 0.00119047 0.767768 0.231041 0
10 0.00516374 0.754058 0.240779 0
10 0.00214369 0.806269 0.191588 0
10 0.00181391 0.75395 0.244236 0
10 0.00136755 0.770306 0.228326 0
10 0.00142852 0.784361 0.21421 0
10 0.0110752 0.771647 0.217278 0
10 0.00115943 0.787087 0.211753 0
10 0.00113635 0.745115 0.253749 0
10 0.00112703 0.783221 0.215652 0
10 0.00119344 0.727722 0.271084 0
10 0.0016987 0.748389 0.249912 0
10 0.00360636 0.751547 0.244847 0
10 0.00114958 0.736923 0.261927 0
10 0.00140512 0.716324 0.246659 0.0356123
10 0.00389208 0.76514 0.230968 0
10 0.00147153 0.751555 0.246973 0
10 0.00870887 0.764019 0.227272 0
10 0.00135881 0.73606 0.262581 0
10 0.00138717 0.727305 0.271308 0
10 0.00102908 0.736565 0.262405 0
10 0.00514117 0.723617 0.271242 0
10 0.00486387 0.726901 0.268235 0
10 0.00139108 0.750378 0.248231 0
10 0.0103545 0.708191 0.281454 0
10 0.00298428 0.695943 0.301072 0
10 0.00431302 0.729708 0.265979 0
10 0.001465 0.712453 0.286082 0
10 0.0021063 0.738537 0.259357 0
10 0.00132065 0.760662 0.238017 0
10 0.00133208 0.747467 0.251201 0
10 0.00152223 0.736713 0.261765 0
10 0.000820619 0.760885 0.238294 0
10 0.00213266 0.738199 0.259668 0
10 0.00322067 0.752224 0.231259 0.0132965
10 0.0015627 0.758567 0.23987 0
10 0.00326554 0.731498 0.265178 5.86185e-05
10 0.00144368 0.709315 0.289241 0
10 0.0112143 0.760518 0.228268 0
10 0.00547764 0.736651 0.248426 0.00944485
10 0.00143324 0.727612 0.253658 0.0172968
10 0.00151732 0.743633 0.25485 0
10 0.00140811 0.709599 0.288993 0
10 0.00197907 0.753988 0.227372 0.0166607
10 0.00111442 0.784468 0.214417 0
10 0.00110886 0.749183 0.249708 0
10 0.00811742 0.69088 0.301003 0
10 0.00172745 0.701408 0.296864 0
10 0.0247113 0.702767 0.272521 0
10 0.0015012 0.785542 0.212956 0
10 0.00144976 0.769276 0.229274 0
10 0.00558412 0.744683 0.249733 0
10 0.00169976 0.736097 0.262203 0
10 0.0012004 0.794638 0.204162 0
10 0.00191582 0.742596 0.255488 0
10 0.00136213 0.748034 0.250604 0
10 0.00158885 0.725708 0.272704 0
10 0.00185372 0.73877 0.259377 0
10 0.0122674 0.703921 0.283812 0
10 0.00506323 0.739026 0.25591 0
10 0.0012712 0.769323 0.229405 0
10 0.00136155 0.789155 0.209483 0
10 0.00242081 0.730752 0.266827 0
10 0.00181816 0.722534 0.275648 0
10 0.00557487 0.68676 0.307666 0
10 0.00144391 0.73983 0.258726 0
10 0.00130065 0.741291 0.257408 0
10 0.00134846 0.762152 0.2365 0
10 0.00106168 0.774685 0.224253 0
10 0.00670444 0.702786 0.290509 0
10 0.00108715 0.747977 0.250936 0
10 0.00159901 0.740188 0.258213 0
10 0.000750724 0.814999 0.18425 0
10 0.00121836 0.7422 0.256581 0
10 0.00128141 0.760055 0.238663 0
10 0.00136176 0.74486 0.253778 0
10 0.00217099 0.666122 0.331707 0
10 0.0016298 0.754705 0.243665 0
10 0.0201532 0.700583 0.279264 0
10 0.00179952 0.806829 0.191371 0
10 0.000920392 0.757927 0.241153 0
10 0.00112463 0.739596 0.259279 0
10 0.00400494 0.705641 0.290354 0
10 0.00148024 0.763249 0.235271 0
