10 0.0715284 0.603037 0.319232 0.00620327
10 0.0693772 0.515875 0.383107 0.0316405
10 0.0781087 0.51186 0.392492 0.0175387
10 0.0671256 0.473283 0.412498 0.0470932
10 0.0717006 0.618545 0.295646 0.0141083
10 0.0689837 0.561986 0.31795 0.0510799
10 0.0936268 0.521885 0.34397 0.0405185
10 0.0799398 0.546669 0.369389 0.00400217
10 0.0763665 0.571265 0.314405 0.0379635
10 0.0515119 0.529373 0.360206 0.0589091
10 0.0656375 0.55523 0.349832 0.0293007
10 0.061377 0.569744 0.312675 0.0562041
10 0.065738 0.639433 0.277851 0.0169779
10 0.0645603 0.604546 0.315363 0.0155303
10 0.0581505 0.582282 0.318321 0.0412471
10 0.0814323 0.561448 0.355646 0.00147343
10 0.0558859 0.648 0.271319 0.0247957
10 0.0719823 0.553529 0.275429 0.0990591
10 0.0658731 0.413893 0.360091 0.160143
10 0.0662249 0.621039 0.275467 0.037269
10 0.0806048 0.552126 0.348503 0.0187666
10 0.0626256 0.588015 0.300896 0.0484637
10 0.0766314 0.476516 0.380038 0.0668147
10 0.0785765 0.507258 0.374675 0.0394908
10 0.0600929 0.530658 0.28826 0.120989
10 0.0823659 0.565345 0.325868 0.0264205
10 0.0617787 0.459096 0.336647 0.142479
10 0.0635322 0.47396 0.35834 0.104167
10 0.0698459 0.591009 0.30787 0.031275
10 0.0819788 0.471289 0.389055 0.0576776
10 0.0749861 0.486632 0.351725 0.086657
10 0.0650862 0.585449 0.308275 0.0411902
10 0.0822841 0.57057 0.269359 0.0777867
10 0.0634158 0.478015 0.358268 0.100301
10 0.0810096 0.532462 0.329615 0.0569136
10 0.0730227 0.492269 0.397106 0.0376027
10 0.0570063 0.51354 0.337928 0.0915255
10 0.0722139 0.609909 0.314206 0.00367167
10 0.076767 0.557947 0.348276 0.0170101
10 0.0709296 0.471172 0.334018 0.123881
10 0.0657335 0.552107 0.338043 0.0441164
10 0.0725287 0.511714 0.326419 0.0893383
10 0.0792278 0.381868 0.351591 0.187313
10 0.0593628 0.549249 0.330604 0.0607835
10 0.0929102 0.402639 0.348426 0.156024
10 0.0538047 0.626229 0.249872 0.0700942
10 0.0729396 0.539919 0.346834 0.0403078
10 0.0747416 0.559557 0.355789 0.00991265
10 0.0794795 0.51409 0.358723 0.0477076
10 0.0884111 0.529505 0.366019 0.0160647
10 0.0748035 0.589575 0.33321 0.00241156
10 0.0615209 0.556846 0.337094 0.0445391
10 0.0562346 0.586551 0.321299 0.0359153
10 0.0807616 0.508812 0.398918 0.0115082
10 0.0884924 0.439824 0.329293 0.142391
10 0.0923207 0.455893 0.407874 0.0439126
10 0.0896145 0.439756 0.401849 0.0687807
10 0.0838904 0.598489 0.305111 0.0125091
10 0.0787765 0.581328 0.318385 0.0215107
10 0.076274 0.467325 0.333198 0.123203
10 0.0864237 0.477271 0.354912 0.0813937
10 0.0633301 0.519094 0.331995 0.0855802
10 0.0919139 0.521934 0.367083 0.0190691
10 0.089684 0.504978 0.348238 0.0570996
10 0.0655189 0.599026 0.298181 0.0372748
10 0.0698089 0.650735 0.261653 0.0178029
10 0.0758859 0.525348 0.370193 0.0285724
10 0.0586009 0.562802 0.290929 0.0876679
10 0.0874568 0.560955 0.317588 0.0340007
10 0.0554049 0.517471 0.343563 0.0835606
10 0.0993982 0.499201 0.287076 0.114324
10 0.0888752 0.501751 0.376455 0.0329193
10 0.0796623 0.576714 0.309727 0.0338969
10 0.0799834 0.48865 0.373417 0.0579498
10 0.0806435 0.555278 0.34109 0.0229887
10 0.087225 0.527517 0.359509 0.0257497
10 0.0934293 0.520066 0.367919 0.0185859
10 0.0822337 0.541499 0.313951 0.0623164
10 0.0587401 0.590594 0.34636 0.00430621
10 0.0559663 0.616272 0.284074 0.0436876
10 0.0881997 0.563893 0.339975 0.00793187
10 0.0614642 0.56545 0.307722 0.0653632
10 0.0636905 0.512312 0.345115 0.0788824
10 0.0541365 0.583819 0.339299 0.0227457
10 0.0710355 0.467391 0.398735 0.0628381
10 0.0619531 0.567609 0.344527 0.0259113
10 0.0668361 0.544658 0.33533 0.0531763
10 0.0709016 0.49941 0.366312 0.0633757
10 0.0699044 0.465888 0.369578 0.0946303
10 0.0879298 0.458507 0.300028 0.153536
10 0.0637874 0.510655 0.360039 0.0655189
10 0.0831208 0.44479 0.374142 0.0979474
10 0.0608776 0.557719 0.35206 0.0293438
10 0.0771592 0.562238 0.332234 0.0283694
10 0.0805438 0.493558 0.382261 0.0436366
10 0.0621061 0.545993 0.361638 0.0302628
10 0.0752317 0.577426 0.303295 0.0440479
10 0.0844033 0.519476 0.351102 0.0450191
10 0.0498396 0.604596 0.288152 0.0574129
10 0.0949832 0.509323 0.314566 0.0811282
