30 0.379199 0.274826 0.331415 0.0145602
30 0.396431 0.220173 0.37144 0.0119564
30 0.490222 0.12486 0.384918 0
30 0.273972 0.440409 0.285619 0
30 0.415135 0.237716 0.347149 0
30 0.405314 0.274894 0.319793 0
30 0.610152 0 0.389848 0
30 0.524889 0.0606528 0.414459 0
30 0.4242 0.196819 0.378982 0
30 0.431801 0.188791 0.379408 0
30 0.392194 0.271248 0.336558 0
30 0.337544 0.352296 0.31016 0
30 0.521449 0.0902532 0.388297 0
30 0.452888 0.183648 0.363464 0
30 0.324493 0.390771 0.284736 0
30 0.440089 0.169717 0.390194 0
30 0.515684 0.0821878 0.402128 0
30 0.501924 0.0928781 0.405198 0
30 0.474871 0.127391 0.397738 0
30 0.389528 0.278409 0.332063 0
30 0.374661 0.292903 0.332436 0
30 0.442602 0.184798 0.3726 0
30 0.335359 0.406081 0.25856 0
30 0.341872 0.364115 0.294012 0
30 0.387721 0.264135 0.348144 0
30 0.407483 0.21592 0.376597 0
30 0.481574 0.113558 0.404868 0
30 0.37893 0.271992 0.349078 0
30 0.439443 0.177172 0.383385 0
30 0.440087 0.197264 0.362648 0
30 0.407059 0.247854 0.328152 0.0169347
30 0.323773 0.330119 0.346108 0
30 0.387089 0.271564 0.341347 0
30 0.358114 0.312171 0.329715 0
30 0.393758 0.289413 0.316829 0
30 0.440927 0.201254 0.357819 0
30 0.431991 0.174791 0.393218 0
30 0.429537 0.210962 0.359501 0
30 0.498122 0.108806 0.393072 0
30 0.335952 0.329914 0.334134 0
30 0.321603 0.380266 0.298131 0
30 0.436848 0.212222 0.35093 0
30 0.515171 0.0783449 0.406484 0
30 0.36237 0.303787 0.333842 0
30 0.375098 0.25602 0.368882 0
30 0.337399 0.328985 0.329369 0.00424712
30 0.409102 0.251508 0.33939 0
30 0.384183 0.258116 0.324535 0.0331663
30 0.454929 0.159449 0.385622 0
30 0.436046 0.191537 0.372416 0
30 0.43094 0.195477 0.373583 0
30 0.290242 0.395856 0.313902 0
30 0.482359 0.145219 0.372423 0
30 0.369455 0.324999 0.305546 0
30 0.286341 0.478608 0.235051 0
30 0.360944 0.354339 0.284717 0
30 0.461988 0.1862 0.351812 0
30 0.446617 0.189761 0.363622 0
30 0.314436 0.382661 0.302903 0
30 0.503681 0.141732 0.354587 0
30 0.483895 0.113057 0.403048 0
30 0.366037 0.33397 0.299993 0
30 0.376779 0.258849 0.364372 0
30 0.405847 0.310982 0.28317 0
30 0.387983 0.25886 0.353157 0
30 0.451344 0.183713 0.364943 0
30 0.401807 0.228562 0.36963 0
30 0.41185 0.23032 0.35783 0
30 0.339801 0.341345 0.318854 0
30 0.469606 0.192073 0.338321 0
30 0.39141 0.266138 0.342451 0
30 0.388572 0.158434 0.452994 0
30 0.459883 0.17074 0.358185 0.0111926
30 0.303029 0.425956 0.271015 0
30 0.370803 0.304443 0.324753 0
30 0.366814 0.301757 0.331429 0
30 0.393531 0.255134 0.334964 0.0163712
30 0.47996 0.111335 0.408705 0
30 0.3778 0.303387 0.318813 0
30 0.361715 0.317475 0.320809 0
30 0.416085 0.255896 0.318474 0.00954512
30 0.348642 0.31452 0.322943 0.0138944
30 0.56261 0.0468847 0.390505 0
30 0.379613 0.262179 0.358208 0
30 0.434314 0.183093 0.382593 0
30 0.366304 0.237881 0.395815 0
30 0.36442 0.321528 0.314052 0
30 0.45875 0.183132 0.358118 0
30 0.424906 0.229084 0.34601 0
30 0.273955 0.518569 0.207476 0
30 0.332756 0.389058 0.278186 0
30 0.420162 0.205516 0.374323 0
30 0.524823 0.0853964 0.38978 0
30 0.391528 0.273389 0.335083 0
30 0.458827 0.163134 0.378039 0
30 0.271127 0.468355 0.260518 0
30 0.275618 0.436354 0.288028 0
30 0.335605 0.379748 0.284646 0
30 0.427824 0.214314 0.357861 0
30 0.489006 0.114776 0.396217 0
