20 0.0873384 0.646795 0.265867 0
20 0.168116 0.431139 0.400744 0
20 0.126575 0.506271 0.346293 0.0208613
20 0.0721581 0.661503 0.266339 0
20 0.0874913 0.590745 0.321764 0
20 0.0974351 0.574065 0.3285 0
20 0.0848464 0.598834 0.280732 0.0355872
20 0.0898525 0.604852 0.305295 0
20 0.11302 0.60996 0.27702 0
20 0.120158 0.498519 0.381324 0
20 0.0885001 0.59602 0.313143 0.00233641
20 0.219645 0.337529 0.442826 0
20 0.0672624 0.617167 0.315571 0
20 0.081103 0.647382 0.271515 0
20 0.0960678 0.607592 0.29634 0
20 0.126969 0.491434 0.381597 0
20 0.0815639 0.575937 0.342499 0
20 0.110315 0.514814 0.37487 0
20 0.0649076 0.592959 0.296439 0.0456951
20 0.0771307 0.650025 0.272844 0
20 0.0823675 0.565598 0.352034 0
20 0.102067 0.544361 0.353572 0
20 0.0940743 0.62617 0.279756 0
20 0.0914399 0.576095 0.332465 0
20 0.124275 0.543297 0.332428 0
20 0.0868538 0.621614 0.291532 0
20 0.119584 0.532669 0.347746 0
20 0.0838948 0.612927 0.287683 0.0154954
20 0.12791 0.539427 0.332663 0
20 0.14657 0.475104 0.378326 0
20 0.100271 0.471417 0.428312 0
20 0.111688 0.553151 0.33516 0
20 0.0864203 0.562447 0.351133 0
20 0.112954 0.570037 0.317009 0
20 0.0846642 0.545236 0.3701 0
20 0.0638618 0.650739 0.285399 0
20 0.0989657 0.583421 0.317613 0
20 0.230088 0.39434 0.375573 0
20 0.0710156 0.663027 0.265958 0
20 0.119228 0.495875 0.384897 0
20 0.101286 0.593655 0.305059 0
20 0.115082 0.528815 0.356103 0
20 0.0950846 0.598558 0.306357 0
20 0.165465 0.432891 0.401644 0
20 0.16986 0.419798 0.410342 0
20 0.0887552 0.570199 0.341046 0
20 0.0943645 0.581075 0.32456 0
20 0.088809 0.609589 0.301602 0
20 0.0829496 0.486432 0.395165 0.035454
20 0.102444 0.567064 0.330492 0
20 0.0930851 0.529605 0.37731 0
20 0.104895 0.574562 0.320542 0
20 0.0971215 0.603055 0.299824 0
20 0.0945103 0.633584 0.271906 0
20 0.119869 0.528755 0.351376 0
20 0.0805488 0.626701 0.29275 0
20 0.0633757 0.699237 0.237387 0
20 0.0956483 0.598043 0.306309 0
20 0.101407 0.524728 0.373865 0
20 0.102253 0.514939 0.382808 0
20 0.105249 0.512216 0.382535 0
20 0.0849332 0.634339 0.280728 0
20 0.191325 0.421876 0.386799 0
20 0.0849322 0.625173 0.289895 0
20 0.0925779 0.581097 0.326326 0
20 0.0808953 0.621312 0.297793 0
20 0.0614367 0.635428 0.303135 0
20 0.120657 0.482467 0.359009 0.0378659
20 0.0912729 0.580845 0.327882 0
20 0.152749 0.422222 0.425029 0
20 0.109212 0.540367 0.350421 0
20 0.110659 0.549176 0.340165 0
20 0.186289 0.467084 0.346627 0
20 0.0801109 0.610535 0.309354 0
20 0.0963909 0.566645 0.336964 0
20 0.124614 0.536255 0.339131 0
20 0.100087 0.55568 0.344233 0
20 0.131692 0.564229 0.304079 0
20 0.123554 0.504385 0.372062 0
20 0.0851512 0.568111 0.346738 0
20 0.0833259 0.599427 0.317247 0
20 0.153136 0.333245 0.424364 0.0892554
20 0.0911663 0.55979 0.349044 0
20 0.0841032 0.64814 0.267757 0
20 0.0944823 0.609804 0.295714 0
20 0.130458 0.520632 0.348911 0
20 0.118955 0.483941 0.379652 0.0174521
20 0.0663924 0.636374 0.297233 0
20 0.10142 0.565148 0.333432 0
20 0.0730688 0.614358 0.312573 0
20 0.105282 0.519816 0.346711 0.0281916
20 0.101445 0.499575 0.39898 0
20 0.09259 0.556951 0.350459 0
20 0.126071 0.494253 0.379676 0
20 0.125046 0.487247 0.387707 0
20 0.076377 0.592179 0.331444 0
20 0.0868505 0.652575 0.260575 0
20 0.0785817 0.575416 0.346002 0
20 0.0738424 0.642364 0.283793 0
20 0.118386 0.484551 0.397063 0
