25 0.178626 0.395613 0.42576 0
25 0.248733 0.225186 0.526081 0
25 0.188772 0.385167 0.426062 0
25 0.288074 0.214993 0.496933 0
25 0.241592 0.379197 0.379212 0
25 0.248235 0.205312 0.546453 0
25 0.287235 0.236876 0.475888 0
25 0.252159 0.283671 0.464169 0
25 0.29207 0.319145 0.388785 0
25 0.224441 0.384142 0.391418 0
25 0.218996 0.38386 0.397144 0
25 0.251636 0.270716 0.477648 0
25 0.238847 0.24413 0.517024 0
25 0.264499 0.282237 0.453264 0
25 0.235574 0.204642 0.559785 0
25 0.341245 0.28102 0.372501 0.00523321
25 0.260683 0.276973 0.462343 0
25 0.199147 0.251542 0.438204 0.111106
25 0.193559 0.319089 0.487352 0
25 0.222951 0.334591 0.442458 0
25 0.264462 0.172823 0.562716 0
25 0.303617 0.259323 0.43706 0
25 0.18932 0.314354 0.496326 0
25 0.248053 0.276666 0.475281 0
25 0.195957 0.349851 0.454191 0
25 0.168267 0.352791 0.478943 0
25 0.19028 0.305332 0.447978 0.0564105
25 0.254294 0.342622 0.403084 0
25 0.343782 0.255968 0.40025 0
25 0.270468 0.313504 0.416028 0
25 0.325167 0.167369 0.507465 0
25 0.260753 0.276339 0.462908 0
25 0.324177 0.263734 0.412089 0
25 0.478379 0.122866 0.398755 0
25 0.222265 0.388311 0.389424 0
25 0.245122 0.215008 0.539869 0
25 0.203079 0.275152 0.521769 0
25 0.260768 0.328317 0.410915 0
25 0.183435 0.438231 0.378334 0
25 0.249792 0.381515 0.368693 0
25 0.251854 0.293276 0.45487 0
25 0.171597 0.344716 0.483687 0
25 0.19787 0.287765 0.458468 0.0558967
25 0.235914 0.273449 0.432708 0.0579283
25 0.242438 0.186538 0.571024 0
25 0.237631 0.358324 0.404045 0
25 0.222917 0.369601 0.407482 0
25 0.216936 0.26686 0.42932 0.0868835
25 0.347175 0.178134 0.474691 0
25 0.23599 0.277587 0.486423 0
25 0.262984 0.267734 0.469282 0
25 0.201682 0.328005 0.470313 0
25 0.285982 0.255858 0.45816 0
25 0.263779 0.280507 0.455714 0
25 0.260667 0.336488 0.402845 0
25 0.230677 0.306104 0.46322 0
25 0.255833 0.287657 0.45651 0
25 0.287464 0.193105 0.519431 0
25 0.311673 0.358751 0.329576 0
25 0.240656 0.338555 0.42079 0
25 0.304699 0.113396 0.581905 0
25 0.213424 0.287126 0.499449 0
25 0.347669 0.314109 0.338222 0
25 0.257333 0.256688 0.485979 0
25 0.310062 0.186371 0.372865 0.130702
25 0.218051 0.375554 0.406395 0
25 0.245819 0.25992 0.494261 0
25 0.168686 0.440892 0.390422 0
25 0.264162 0.259461 0.476376 0
25 0.278432 0.262735 0.458833 0
25 0.265367 0.219562 0.515071 0
25 0.234864 0.38175 0.383386 0
25 0.236693 0.227667 0.535639 0
25 0.232127 0.163752 0.488915 0.115206
25 0.224844 0.356963 0.418192 0
25 0.268137 0.258872 0.472992 0
25 0.367004 0.154211 0.478785 0
25 0.263891 0.291032 0.445077 0
25 0.261726 0.28376 0.454514 0
25 0.217228 0.385829 0.396943 0
25 0.227518 0.281594 0.490888 0
25 0.198379 0.297849 0.503771 0
25 0.223826 0.341018 0.435156 0
25 0.249697 0.321987 0.428316 0
25 0.302401 0.275714 0.421885 0
25 0.219104 0.242944 0.537952 0
25 0.296802 0.244254 0.458944 0
25 0.200497 0.34268 0.456823 0
25 0.228603 0.392259 0.379138 0
25 0.211043 0.338482 0.450475 0
25 0.166697 0.307437 0.485529 0.0403375
25 0.288469 0.309637 0.401894 0
25 0.247175 0.274804 0.478021 0
25 0.247385 0.249538 0.503077 0
25 0.193606 0.400734 0.40566 0
25 0.206237 0.345645 0.448118 0
25 0.29311 0.177014 0.529876 0
25 0.227072 0.271417 0.501511 0
25 0.23668 0.173985 0.589335 0
25 0.239646 0.330476 0.429878 0
