25 0.269069 0.465249 0.265682 0
25 0.338786 0.362212 0.299003 0
25 0.322311 0.345535 0.332154 0
25 0.293572 0.413463 0.292965 0
25 0.291893 0.409869 0.298237 0
25 0.276763 0.435797 0.28744 0
25 0.388955 0.207351 0.356773 0.0469213
25 0.312681 0.34649 0.34083 0
25 0.302955 0.403008 0.294036 0
25 0.279869 0.429473 0.290658 0
25 0.276256 0.451698 0.272047 0
25 0.353278 0.35776 0.288962 0
25 0.39484 0.235636 0.369523 0
25 0.36034 0.336673 0.302988 0
25 0.269128 0.396002 0.317786 0.0170843
25 0.365745 0.321765 0.312489 0
25 0.361091 0.291863 0.347045 0
25 0.23298 0.481725 0.285294 0
25 0.308321 0.38794 0.303739 0
25 0.269109 0.434465 0.296426 0
25 0.351247 0.316232 0.332521 0
25 0.265171 0.446169 0.28866 0
25 0.279779 0.433489 0.286733 0
25 0.244668 0.498166 0.257166 0
25 0.282774 0.394663 0.322563 0
25 0.215564 0.532233 0.252204 0
25 0.278574 0.430472 0.290954 0
25 0.376714 0.282348 0.340938 0
25 0.316039 0.34702 0.33694 0
25 0.389954 0.282813 0.327233 0
25 0.311738 0.3453 0.342961 0
25 0.565006 0.0662022 0.368792 0
25 0.32828 0.315279 0.356441 0
25 0.336183 0.314499 0.349318 0
25 0.35796 0.26932 0.37272 0
25 0.324641 0.328748 0.34661 0
25 0.226124 0.515008 0.258868 0
25 0.278953 0.437411 0.283636 0
25 0.388934 0.293458 0.306381 0.0112266
25 0.262008 0.461332 0.27666 0
25 0.252103 0.497828 0.250069 0
25 0.290763 0.401585 0.307652 0
25 0.335156 0.296186 0.368659 0
25 0.327985 0.346424 0.325591 0
25 0.258761 0.440865 0.300374 0
25 0.321515 0.362838 0.315646 0
25 0.240651 0.47518 0.284169 0
25 0.407622 0.245509 0.346869 0
25 0.395378 0.2335 0.371122 0
25 0.253294 0.45838 0.288325 0
25 0.284212 0.430286 0.285502 0
25 0.291032 0.410012 0.298955 0
25 0.30446 0.393372 0.302169 0
25 0.343091 0.326867 0.330043 0
25 0.287334 0.389384 0.323282 0
25 0.368364 0.276842 0.354794 0
25 0.293329 0.385508 0.321163 0
25 0.466036 0.159775 0.374189 0
25 0.347294 0.283615 0.369091 0
25 0.338075 0.31129 0.33153 0.0191053
25 0.221777 0.497855 0.280368 0
25 0.334816 0.288252 0.376932 0
25 0.231551 0.518829 0.24962 0
25 0.372231 0.307443 0.320327 0
25 0.300626 0.407815 0.29156 0
25 0.241995 0.446864 0.311141 0
25 0.313776 0.359797 0.326426 0
25 0.317051 0.355219 0.32773 0
25 0.277146 0.390653 0.332202 0
25 0.323157 0.326871 0.349973 0
25 0.309763 0.354755 0.335482 0
25 0.383931 0.236897 0.379172 0
25 0.364462 0.287497 0.348041 0
25 0.353979 0.261845 0.384176 0
25 0.307598 0.374675 0.317728 0
25 0.264299 0.436509 0.283201 0.0159915
25 0.253903 0.433062 0.313036 0
25 0.274089 0.418081 0.30783 0
25 0.406138 0.212362 0.3815 0
25 0.268994 0.444048 0.286958 0
25 0.359296 0.349365 0.291339 0
25 0.349193 0.387906 0.262901 0
25 0.335778 0.295223 0.368999 0
25 0.288552 0.41221 0.299238 0
25 0.304614 0.371174 0.324212 0
25 0.349768 0.301784 0.348448 0
25 0.394166 0.258134 0.3477 0
25 0.278153 0.406314 0.315532 0
25 0.369278 0.274466 0.356256 0
25 0.364491 0.282617 0.352892 0
25 0.325215 0.354743 0.320042 0
25 0.344909 0.323665 0.331426 0
25 0.309875 0.339681 0.350444 0
25 0.223872 0.514161 0.261967 0
25 0.294223 0.414066 0.291711 0
25 0.337674 0.345252 0.317074 0
25 0.347113 0.325555 0.327332 0
25 0.267862 0.40726 0.298171 0.0267078
25 0.330715 0.350863 0.318423 0
25 0.332698 0.305375 0.361927 0
