30 0.34097 0.306205 0.352826 0
30 0.395539 0.284669 0.319793 0
30 0.290108 0.412591 0.297301 0
30 0.435483 0.1847 0.379817 0
30 0.43983 0.20245 0.35772 0
30 0.279524 0.444155 0.27632 0
30 0.275691 0.417759 0.30655 0
30 0.439967 0.161323 0.39871 0
30 0.42431 0.174831 0.400858 0
30 0.426147 0.178021 0.395832 0
30 0.451769 0.166449 0.381783 0
30 0.383677 0.287406 0.328917 0
30 0.390457 0.196198 0.413345 0
30 0.427664 0.213907 0.358429 0
30 0.486851 0.12432 0.388829 0
30 0.437567 0.19868 0.363753 0
30 0.39633 0.254888 0.348782 0
30 0.425981 0.190808 0.383211 0
30 0.353246 0.31384 0.332914 0
30 0.37923 0.327189 0.293581 0
30 0.529197 0.0485252 0.422278 0
30 0.422843 0.24868 0.328477 0
30 0.371695 0.308361 0.319945 0
30 0.343912 0.336711 0.319378 0
30 0.455883 0.188331 0.355786 0
30 0.434341 0.171049 0.39461 0
30 0.436405 0.225155 0.33844 0
30 0.378293 0.265809 0.338885 0.0170133
30 0.385956 0.292935 0.32111 0
30 0.454745 0.174373 0.370882 0
30 0.356329 0.340073 0.303598 0
30 0.257163 0.530899 0.211938 0
30 0.359293 0.300136 0.340571 0
30 0.511007 0.101027 0.387966 0
30 0.235945 0.526203 0.237852 0
30 0.320649 0.371937 0.307414 0
30 0.391802 0.270272 0.337926 0
30 0.450317 0.18446 0.365223 0
30 0.328045 0.35605 0.315905 0
30 0.368768 0.261354 0.359985 0.00989207
30 0.401129 0.232953 0.365917 0
30 0.369025 0.326156 0.304819 0
30 0.371353 0.246491 0.382156 0
30 0.527451 0.0857775 0.386772 0
30 0.354524 0.340908 0.304568 0
30 0.256229 0.408282 0.335489 0
30 0.421881 0.206296 0.371823 0
30 0.233353 0.500938 0.265708 0
30 0.426007 0.205338 0.368655 0
30 0.369318 0.279215 0.327931 0.0235354
30 0.35618 0.304899 0.338921 0
30 0.441205 0.158089 0.400707 0
30 0.424861 0.209783 0.365357 0
30 0.432044 0.215402 0.352553 0
30 0.493147 0.0918171 0.415036 0
30 0.498533 0.0979512 0.403516 0
30 0.492315 0.111828 0.395857 0
30 0.404133 0.21695 0.378918 0
30 0.480098 0.138112 0.381791 0
30 0.247541 0.50761 0.244849 0
30 0.356356 0.327561 0.316082 0
30 0.369291 0.317502 0.313207 0
30 0.430152 0.234875 0.334973 0
30 0.418305 0.229591 0.352105 0
30 0.299643 0.41259 0.287767 0
30 0.311976 0.389161 0.298863 0
30 0.416738 0.236611 0.346651 0
30 0.370301 0.281615 0.348084 0
30 0.315287 0.364864 0.31985 0
30 0.455508 0.135276 0.390512 0.0187045
30 0.391471 0.223443 0.385086 0
30 0.356214 0.3159 0.327886 0
30 0.367716 0.342814 0.28947 0
30 0.515992 0.122186 0.361822 0
30 0.399287 0.199913 0.363444 0.0373553
30 0.430011 0.206801 0.363189 0
30 0.38991 0.264123 0.345967 0
30 0.346076 0.287978 0.365946 0
30 0.440681 0.171544 0.387775 0
30 0.458122 0.165699 0.376179 0
30 0.416921 0.226017 0.357062 0
30 0.484952 0.11056 0.404488 0
30 0.456534 0.12524 0.418226 0
30 0.36901 0.342332 0.288657 0
30 0.40123 0.24242 0.356349 0
30 0.406655 0.23556 0.357785 0
30 0.388864 0.324461 0.286675 0
30 0.33808 0.334715 0.327205 0
30 0.313015 0.43026 0.256725 0
30 0.277675 0.465497 0.256829 0
30 0.431138 0.213902 0.35496 0
30 0.419725 0.216009 0.364266 0
30 0.495923 0.11712 0.386957 0
30 0.50233 0.10994 0.38773 0
30 0.445016 0.165025 0.389959 0
30 0.367938 0.301874 0.330188 0
30 0.374726 0.285769 0.339505 0
30 0.458797 0.192276 0.348927 0
30 0.464158 0.213726 0.322115 0
30 0.390117 0.246583 0.3633 0
