15 0.0659142 0.656271 0.277815 0
15 0.0456793 0.678087 0.276234 0
15 0.0371359 0.733323 0.229541 0
15 0.0446152 0.705167 0.250217 0
15 0.0396597 0.717851 0.233244 0.00924586
15 0.0478013 0.682897 0.269302 0
15 0.0855396 0.588524 0.325936 0
15 0.0633321 0.663017 0.27365 0
15 0.0503358 0.644526 0.305139 0
15 0.0619548 0.665253 0.272792 0
15 0.0473263 0.625617 0.327056 0
15 0.0568584 0.600343 0.342798 0
15 0.0461304 0.677908 0.275961 0
15 0.072907 0.610221 0.316872 0
15 0.0662749 0.589948 0.343777 0
15 0.0746918 0.557616 0.367692 0
15 0.0430272 0.712189 0.244783 0
15 0.043739 0.657418 0.298843 0
15 0.0311958 0.765435 0.197925 0.00544424
15 0.0579345 0.630769 0.311297 0
15 0.0369157 0.692628 0.270456 0
15 0.0662874 0.644981 0.288732 0
15 0.069196 0.603084 0.32772 0
15 0.0677613 0.592647 0.314753 0.0248387
15 0.0938469 0.637009 0.269144 0
15 0.0488108 0.674166 0.270276 0.00674776
15 0.0577185 0.679497 0.262784 0
15 0.041829 0.731777 0.226394 0
15 0.0596213 0.632818 0.30756 0
15 0.0610695 0.649567 0.289364 0
15 0.045284 0.683043 0.271673 0
15 0.0549211 0.614992 0.330087 0
15 0.0589654 0.636199 0.304836 0
15 0.0685368 0.630469 0.300994 0
15 0.0402813 0.702307 0.257411 0
15 0.0668678 0.653528 0.279604 0
15 0.0473046 0.702291 0.250404 0
15 0.0402541 0.703561 0.256185 0
15 0.0455029 0.65556 0.298937 0
15 0.0500925 0.658987 0.290921 0
15 0.064868 0.632775 0.302357 0
15 0.0477656 0.673492 0.278743 0
15 0.0518202 0.68187 0.26631 0
15 0.0421943 0.661859 0.295947 0
15 0.0495226 0.688017 0.26246 0
15 0.0603502 0.612387 0.327263 0
15 0.062881 0.646855 0.290264 0
15 0.062223 0.653299 0.284478 0
15 0.082478 0.62817 0.289352 0
15 0.0534992 0.674234 0.272267 0
15 0.0777765 0.596606 0.325617 0
15 0.0612002 0.602534 0.312708 0.023558
15 0.0528247 0.657277 0.289899 0
15 0.0333569 0.736801 0.229842 0
15 0.10449 0.587612 0.307898 0
15 0.0613292 0.639612 0.299059 0
15 0.0353998 0.696011 0.268589 0
15 0.0439201 0.70428 0.2518 0
15 0.0391447 0.709618 0.251237 0
15 0.0403854 0.720671 0.238943 0
15 0.0426951 0.711054 0.246251 0
15 0.0547958 0.648763 0.296441 0
15 0.0444026 0.709401 0.246196 0
15 0.034728 0.712899 0.252373 0
15 0.061677 0.66827 0.270053 0
15 0.0537104 0.680852 0.265438 0
15 0.0705585 0.635537 0.293904 0
15 0.0494021 0.617256 0.333341 0
15 0.0440299 0.735191 0.220779 0
15 0.0618301 0.639955 0.298215 0
15 0.0686734 0.626689 0.304638 0
15 0.0569305 0.654644 0.288425 0
15 0.0434768 0.708562 0.247961 0
15 0.0645627 0.629372 0.306065 0
15 0.058297 0.593609 0.348094 0
15 0.0465846 0.677214 0.276201 0
15 0.0564995 0.663165 0.280335 0
15 0.0380407 0.727111 0.234848 0
15 0.0748631 0.562014 0.363123 0
15 0.0584994 0.614133 0.327367 0
15 0.0560805 0.644349 0.29957 0
15 0.052994 0.6509 0.296106 0
15 0.0624121 0.637013 0.300575 0
15 0.0434176 0.732416 0.218046 0.00612088
15 0.0463974 0.636014 0.317588 0
15 0.0397702 0.687497 0.272733 0
15 0.0460591 0.692161 0.26178 0
15 0.0990215 0.546672 0.354307 0
15 0.065784 0.576332 0.357884 0
15 0.160778 0.509865 0.329356 0
15 0.0902325 0.511352 0.398415 0
15 0.0565626 0.641032 0.302405 0
15 0.072063 0.606674 0.321263 0
15 0.0386478 0.750239 0.211114 0
15 0.0565825 0.678841 0.264577 0
15 0.0616475 0.691494 0.246859 0
15 0.0554432 0.707931 0.236626 0
15 0.0688876 0.566242 0.36487 0
15 0.0429688 0.731549 0.225482 0
15 0.0664822 0.650831 0.282687 0
