5 0.0488832 0.732708 0.217952 0.000457052
5 0.0300748 0.727418 0.234999 0.00750815
5 0.0442492 0.742685 0.210276 0.00278964
5 0.0476371 0.718095 0.231662 0.00260602
5 0.0446162 0.714008 0.221882 0.0194935
5 0.0435356 0.749945 0.206095 0.000424269
5 0.0382836 0.730298 0.229601 0.00181742
5 0.0359036 0.759551 0.203885 0.000660864
5 0.0394017 0.738552 0.221917 0.000129572
5 0.0504992 0.711409 0.230949 0.00714343
5 0.0334132 0.719127 0.241682 0.00577784
5 0.0455967 0.69311 0.238972 0.0223216
5 0.0401911 0.761941 0.195954 0.00191408
5 0.0476602 0.713224 0.230612 0.00850383
5 0.0460135 0.7084 0.243042 0.00254502
5 0.0518005 0.69169 0.239491 0.0170179
5 0.0406031 0.752011 0.205551 0.00183441
5 0.0382366 0.728699 0.22572 0.00734391
5 0.0402205 0.736853 0.216221 0.00670585
5 0.0342884 0.787501 0.1757 0.00251101
5 0.0412998 0.697827 0.255333 0.00553965
5 0.0463892 0.684169 0.26061 0.00883157
5 0.0443687 0.737469 0.212043 0.00611972
5 0.0475149 0.714354 0.232954 0.00517705
5 0.0387306 0.742731 0.217958 0.000579891
5 0.0456016 0.72342 0.223672 0.00730726
5 0.0359379 0.726193 0.235214 0.00265512
5 0.0432259 0.727436 0.221728 0.00761062
5 0.0508141 0.693442 0.246751 0.00899285
5 0.0503932 0.690917 0.252749 0.00594053
5 0.0390136 0.754104 0.203973 0.00290919
5 0.0507957 0.706058 0.234181 0.00896529
5 0.0437567 0.744884 0.202998 0.00836125
5 0.0350687 0.755569 0.206194 0.00316792
5 0.0485008 0.718542 0.22596 0.00699661
5 0.0410845 0.751461 0.206872 0.00058266
5 0.0443098 0.718679 0.230371 0.00664053
5 0.045749 0.722823 0.230473 0.000954766
5 0.0490582 0.711194 0.23534 0.00440827
5 0.0393701 0.733598 0.217776 0.00925603
5 0.0425656 0.732018 0.218089 0.00732705
5 0.0470949 0.68919 0.2567 0.00701435
5 0.0442145 0.734436 0.214914 0.00643614
5 0.0424791 0.732657 0.216524 0.00834022
5 0.0537333 0.663292 0.275963 0.00701179
5 0.0372538 0.748853 0.208138 0.00575551
5 0.0439618 0.730718 0.222924 0.00239654
5 0.0393946 0.73774 0.218772 0.00409401
5 0.0491683 0.691738 0.25805 0.00104396
5 0.0418925 0.715048 0.234462 0.00859712
5 0.0443632 0.741095 0.208419 0.00612248
5 0.0519865 0.689111 0.252038 0.00686391
5 0.0412142 0.76826 0.189859 0.000666893
5 0.0489893 0.707288 0.237182 0.00654103
5 0.0493338 0.739398 0.202543 0.00872529
5 0.0370359 0.773188 0.186914 0.00286206
5 0.0416712 0.732576 0.224772 0.000980648
5 0.0509654 0.716303 0.226461 0.00627008
5 0.0410127 0.701348 0.248963 0.00867654
5 0.0451536 0.696692 0.24678 0.0113744
5 0.0388712 0.707571 0.222694 0.0308635
5 0.0431834 0.74373 0.208685 0.00440206
5 0.0477185 0.722182 0.223483 0.00661569
5 0.0343396 0.731428 0.224803 0.00942916
5 0.0492191 0.726993 0.223209 0.000579067
5 0.050637 0.706304 0.234742 0.00831623
5 0.0326935 0.745421 0.220425 0.00145986
5 0.0394012 0.727194 0.214398 0.0190068
5 0.0429167 0.750494 0.203149 0.00344087
5 0.0365781 0.750961 0.211987 0.000473496
5 0.0380851 0.713299 0.239916 0.0086994
5 0.040743 0.757163 0.193147 0.00894758
5 0.0420573 0.757608 0.198805 0.00152945
5 0.0431607 0.752928 0.199112 0.00479876
5 0.0456689 0.701003 0.24649 0.00683719
5 0.0415903 0.735719 0.21632 0.0063708
5 0.0491074 0.716228 0.233155 0.00150985
5 0.0422818 0.721545 0.228391 0.00778232
5 0.0414047 0.742926 0.213349 0.00232079
5 0.0493807 0.719489 0.227346 0.00378374
5 0.0442238 0.700844 0.245542 0.0093897
5 0.0455414 0.729355 0.218542 0.0065614
5 0.042263 0.722502 0.228168 0.00706683
5 0.0440546 0.71215 0.235041 0.00875421
5 0.0461205 0.697745 0.246383 0.00975145
5 0.0549029 0.692269 0.248674 0.00415458
5 0.0509006 0.706458 0.225407 0.0172344
5 0.0329835 0.773278 0.191422 0.00231684
5 0.045058 0.717254 0.228388 0.00930016
5 0.0400776 0.757207 0.192283 0.0104323
5 0.0416637 0.708406 0.242553 0.00737661
5 0.0484141 0.721302 0.219677 0.0106061
5 0.0438771 0.702214 0.247151 0.00675779
5 0.0428894 0.743503 0.210997 0.00261012
5 0.0362272 0.757305 0.202094 0.0043735
5 0.0436204 0.749924 0.203084 0.00337146
5 0.0352877 0.738899 0.216528 0.0092853
5 0.0408014 0.724205 0.218285 0.0167086
5 0.0491923 0.695555 0.24989 0.00536271
5 0.037765 0.746246 0.206138 0.00985179
