20 0.217961 0.100767 0.676668 0.00460397
20 0.167004 0.0370279 0.795182 0.00078629
20 0.188735 0.0658706 0.742199 0.00319521
20 0.202382 0.106151 0.686034 0.00543221
20 0.21264 0.0312735 0.751115 0.00497173
20 0.188341 0.0508944 0.760644 0.000119955
20 0.219797 0.218118 0.562085 0
20 0.220129 0.0129041 0.765059 0.00190835
20 0.236276 0.00177514 0.755548 0.00640092
20 0.213333 0.0640173 0.716772 0.00587768
20 0.224105 0.0676875 0.705728 0.0024801
20 0.175696 0.139712 0.678557 0.00603522
20 0.206569 0.0829789 0.709922 0.000530297
20 0.254631 0.0892855 0.654524 0.00155957
20 0.255692 0.0643696 0.674409 0.0055294
20 0.23874 0 0.75667 0.00458919
20 0.206219 0.0530463 0.733901 0.00683326
20 0.158222 0.0420208 0.794305 0.00545254
20 0.194744 0 0.805256 0
20 0.250861 0.0103078 0.73205 0.00678114
20 0.224497 0.0839079 0.68972 0.00187525
20 0.207424 0 0.790326 0.00225029
20 0.241055 0.105508 0.649889 0.00354679
20 0.212212 0.0879267 0.695079 0.00478212
20 0.255395 0.0975014 0.640818 0.00628613
20 0.179195 0.0582595 0.758601 0.00394426
20 0.203388 0.145771 0.648046 0.00279473
20 0.195503 0.016158 0.788172 0.000167696
20 0.258799 0.0156568 0.71858 0.00696373
20 0.205785 0.0682313 0.723168 0.00281617
20 0.212868 0.0178783 0.766643 0.0026108
20 0.188253 0.0307834 0.780053 0.000910594
20 0.208703 0.0428656 0.744437 0.00399519
20 0.228325 0.124221 0.646819 0.000635164
20 0.175422 0.0826284 0.740967 0.000982343
20 0.221089 0 0.777658 0.00125384
20 0.316911 0.0581126 0.62109 0.00388687
20 0.194471 0.0758668 0.729025 0.000638043
20 0.214227 0 0.783052 0.00272111
20 0.230811 0.000960155 0.759531 0.00869798
20 0.202212 0.0687815 0.727697 0.00130964
20 0.219981 0.0367858 0.737228 0.00600513
20 0.191199 0.0313939 0.773884 0.00352383
20 0.227761 0.00260445 0.765882 0.0037519
20 0.184352 0.0583614 0.756589 0.000697781
20 0.18798 0.00391722 0.805261 0.00284161
20 0.187988 0.0989819 0.711468 0.00156227
20 0.175502 0.182171 0.642322 4.94072e-06
20 0.208865 0.10672 0.681765 0.0026496
20 0.234048 0.0616371 0.699801 0.00451411
20 0.192291 0 0.807708 1.21712e-06
20 0.178804 0.000176983 0.819783 0.00123574
20 0.214163 0.165196 0.618081 0.00255914
20 0.241343 0.12799 0.626545 0.00412155
20 0.236373 0.0470519 0.716374 0.000200742
20 0.205363 0.0826618 0.709859 0.00211637
20 0.18987 0.00170636 0.80803 0.000392706
20 0.163961 0.0927236 0.743315 0
20 0.189786 0.136432 0.673782 0
20 0.228574 0 0.76916 0.00226545
20 0.216633 0.107834 0.675076 0.000456474
20 0.2227 0.118127 0.658928 0.000245162
20 0.20178 0.144649 0.649634 0.00393807
20 0.174272 0.0493429 0.77252 0.00386545
20 0.216084 0.128874 0.650859 0.00418192
20 0.196408 0.0733266 0.730022 0.000243865
20 0.232028 0.000662789 0.761682 0.00562702
20 0.179854 0.0750088 0.742683 0.00245456
20 0.19882 0.152061 0.649119 0
20 0.252313 0.0660154 0.678009 0.00366242
20 0.200575 0 0.799425 0
20 0.235752 0.145605 0.61478 0.0038626
20 0.23143 0 0.759051 0.00951853
20 0.191085 0.255316 0.553599 0
20 0.176303 0.232787 0.590132 0.000777862
20 0.184943 0.18308 0.62618 0.00579688
20 0.187204 0 0.810643 0.00215213
20 0.20199 0 0.796911 0.00109887
20 0.182245 0.056499 0.759312 0.00194334
20 0.172233 0.212796 0.610293 0.0046777
20 0.235468 0.108366 0.652114 0.00405173
20 0.244264 0.0812356 0.672971 0.00152903
20 0.203315 0.142851 0.652102 0.00173173
20 0.157864 0.076136 0.765219 0.000781037
20 0.259392 0.211172 0.526312 0.00312435
20 0.209913 0.000437305 0.785507 0.00414252
20 0.245325 0.00024756 0.751375 0.00305209
20 0.215463 0.195183 0.582909 0.0064447
20 0.228873 0 0.767972 0.00315504
20 0.193109 0.213733 0.591816 0.00134238
20 0.223738 0.000310465 0.768961 0.00699081
20 0.211136 0.0714342 0.709316 0.0081132
20 0.191633 0.062632 0.744346 0.00138907
20 0.167398 0.175976 0.655735 0.000891411
20 0.202894 0.0505569 0.741487 0.00506204
20 0.199053 0.0434818 0.749748 0.00771669
20 0.202399 0.109071 0.684787 0.00374301
20 0.22262 0.122575 0.649269 0.00553648
20 0.179614 0.0965005 0.723883 2.24118e-06
20 0.197148 0.0959076 0.706929 1.52448e-05
