30 0.170911 0.218479 0.61061 0
30 0.115066 0.300921 0.584013 0
30 0.0749798 0.526494 0.398526 0
30 0.0497438 0.483158 0.467098 0
30 0.0659883 0.443606 0.490406 0
30 0.10894 0.43185 0.459211 0
30 0.089823 0.263762 0.558177 0.0882377
30 0.125103 0.347829 0.527068 0
30 0.19341 0.370724 0.400324 0.035543
30 0.153556 0.431498 0.414946 0
30 0.116878 0.277073 0.600449 0.0056
30 0.0451617 0.473106 0.481732 0
30 0.119422 0.276644 0.603934 0
30 0.118782 0.291993 0.589224 0
30 0.135409 0.33891 0.525681 0
30 0.0571177 0.405297 0.537585 0
30 0.105962 0.422993 0.471046 0
30 0.164656 0.318598 0.516746 0
30 0.074388 0.233753 0.691859 0
30 0.130265 0.119042 0.750694 0
30 0.058088 0.363546 0.578366 0
30 0.0739651 0.466537 0.459498 0
30 0.0305311 0.509571 0.459898 0
30 0.142645 0.387278 0.470077 0
30 0.0952514 0.324383 0.580365 0
30 0.155715 0.377773 0.466512 0
30 0.0718621 0.387372 0.540766 0
30 0.102827 0.400469 0.496704 0
30 0.12395 0.360909 0.51514 0
30 0.171949 0.262609 0.565441 0
30 0.0487933 0.401026 0.550181 0
30 0.188923 0.327951 0.483125 0
30 0.0828415 0.292568 0.62459 0
30 0.10209 0.426487 0.471423 0
30 0.0761242 0.267939 0.655937 0
30 0.115498 0.374513 0.509988 0
30 0.0790537 0.446624 0.474322 0
30 0.114521 0.278118 0.607361 0
30 0.114447 0.267611 0.617942 0
30 0.0527546 0.422766 0.52448 0
30 0.109497 0.21864 0.671864 0
30 0.112731 0.195167 0.692103 0
30 0.063643 0.331923 0.529402 0.0750326
30 0.0933001 0.337452 0.569248 0
30 0.0926747 0.276177 0.631148 0
30 0.121045 0.4155 0.463455 0
30 0.172559 0.248663 0.578779 0
30 0.0724472 0.320177 0.607376 0
30 0.0765575 0.430993 0.492449 0
30 0.126768 0.370705 0.502527 0
30 0.099289 0.428209 0.472502 0
30 0.197962 0.239403 0.562635 0
30 0.0799891 0.317603 0.602408 0
30 0.0827952 0.385632 0.531573 0
30 0.0844729 0.283412 0.632115 0
30 0.161804 0.350808 0.487388 0
30 0.115702 0.367146 0.517152 0
30 0.18228 0.124306 0.693414 0
30 0.100217 0.383622 0.516161 0
30 0.0989948 0.436771 0.464235 0
30 0.239291 0.214405 0.546304 0
30 0.0555745 0.396868 0.547557 0
30 0.104951 0.310652 0.584397 0
30 0.081128 0.405198 0.497501 0.0161732
30 0.084716 0.274355 0.564162 0.0767669
30 0.254516 0.238806 0.506678 0
30 0.0580855 0.374091 0.567823 0
30 0.161165 0.382246 0.456589 0
30 0.113965 0.200381 0.685653 0
30 0.107507 0.348038 0.544455 0
30 0.0797816 0.478987 0.441232 0
30 0.123181 0.218512 0.658307 0
30 0.0862432 0.506094 0.407662 0
30 0.0774316 0.521709 0.400859 0
30 0.127675 0.278399 0.593926 0
30 0.185332 0.189319 0.625349 0
30 0.10591 0.399497 0.494593 0
30 0.194488 0.285794 0.519718 0
30 0.051088 0.377732 0.57118 0
30 0.114435 0.416388 0.469177 0
30 0.19835 0.332024 0.469626 0
30 0.206524 0.339375 0.454101 0
30 0.142995 0.0841673 0.772838 0
30 0.113664 0.438511 0.447824 0
30 0.0770137 0.291952 0.631035 0
30 0.165591 0.337744 0.496666 0
30 0.170467 0.242267 0.587266 0
30 0.175028 0.220062 0.604909 0
30 0.0802526 0.349956 0.569791 0
30 0.154163 0.368099 0.455637 0.0221018
30 0.187745 0.374682 0.437573 0
30 0.0463525 0.424721 0.474153 0.0547735
30 0.0929908 0.469 0.43801 0
30 0.0791608 0.417557 0.503283 0
30 0.0576788 0.32009 0.622231 0
30 0.086706 0.366401 0.546893 0
30 0.0611108 0.45612 0.482769 0
30 0.0318365 0.444835 0.523328 0
30 0.113948 0.0554702 0.830582 0
30 0.104723 0.147102 0.748175 0
