30 0.398229 0.254944 0.346827 0
30 0.373263 0.266169 0.360568 0
30 0.4422 0.165573 0.392227 0
30 0.414436 0.191843 0.393721 0
30 0.451227 0.168365 0.380408 0
30 0.383931 0.314319 0.301749 0
30 0.308763 0.391026 0.300212 0
30 0.389262 0.260434 0.350304 0
30 0.307832 0.391438 0.30073 0
30 0.419607 0.211087 0.369306 0
30 0.42819 0.231331 0.34048 0
30 0.419487 0.279484 0.301029 0
30 0.393716 0.30621 0.300073 0
30 0.407673 0.222217 0.37011 0
30 0.535442 0.08357 0.380988 0
30 0.32657 0.390621 0.282809 0
30 0.366797 0.333397 0.299806 0
30 0.448801 0.13033 0.420869 0
30 0.319571 0.366082 0.314346 0
30 0.40423 0.25666 0.324039 0.0150705
30 0.534233 0.102885 0.362882 0
30 0.484377 0.14102 0.374602 0
30 0.379275 0.261116 0.359609 0
30 0.367088 0.299124 0.333788 0
30 0.297762 0.385337 0.316901 0
30 0.465772 0.123141 0.411086 0
30 0.523273 0.107594 0.369133 0
30 0.337426 0.369928 0.292646 0
30 0.390557 0.231415 0.378029 0
30 0.558806 0.0646605 0.376533 0
30 0.401057 0.259747 0.339196 0
30 0.400182 0.250301 0.336563 0.0129539
30 0.447868 0.179462 0.372669 0
30 0.43251 0.219566 0.347924 0
30 0.497908 0.12079 0.381302 0
30 0.456543 0.144423 0.399034 0
30 0.504956 0.0907442 0.4043 0
30 0.407706 0.250301 0.341992 0
30 0.419307 0.212063 0.36863 0
30 0.4161 0.20292 0.38098 0
30 0.318137 0.344959 0.336904 0
30 0.307738 0.430092 0.26217 0
30 0.422773 0.240243 0.336984 0
30 0.4699 0.115292 0.414807 0
30 0.439132 0.197832 0.363037 0
30 0.469621 0.12815 0.402229 0
30 0.424757 0.193541 0.381702 0
30 0.60114 0.0342497 0.36461 0
30 0.333383 0.364829 0.301788 0
30 0.468907 0.114897 0.416197 0
30 0.367789 0.301355 0.330856 0
30 0.402115 0.223761 0.374124 0
30 0.47735 0.128135 0.394515 0
30 0.482043 0.100276 0.41768 0
30 0.435304 0.172395 0.392301 0
30 0.333156 0.332021 0.334823 0
30 0.381835 0.290777 0.327389 0
30 0.404443 0.318061 0.277497 0
30 0.511178 0.0908531 0.397969 0
30 0.462768 0.18929 0.347941 0
30 0.426769 0.249296 0.323935 0
30 0.369969 0.320973 0.309059 0
30 0.449322 0.149733 0.400945 0
30 0.462851 0.176041 0.361108 0
30 0.365296 0.339691 0.295012 0
30 0.377102 0.286777 0.317992 0.0181289
30 0.415789 0.254941 0.32927 0
30 0.458166 0.161811 0.380024 0
30 0.415922 0.212243 0.371835 0
30 0.470688 0.137492 0.39182 0
30 0.488654 0.145642 0.365704 0
30 0.395963 0.217842 0.360634 0.0255608
30 0.436208 0.195666 0.368126 0
30 0.371522 0.285814 0.342664 0
30 0.404654 0.273567 0.321778 0
30 0.41208 0.239567 0.348353 0
30 0.364318 0.325991 0.309691 0
30 0.344607 0.316388 0.339005 0
30 0.445905 0.24664 0.307456 0
30 0.324429 0.391789 0.283781 0
30 0.317818 0.327253 0.354929 0
30 0.441054 0.180241 0.378705 0
30 0.382708 0.239267 0.378025 0
30 0.485333 0.114989 0.399678 0
30 0.370394 0.311181 0.318425 0
30 0.24856 0.544298 0.207142 0
30 0.392733 0.230425 0.376842 0
30 0.394711 0.214859 0.358021 0.0324093
30 0.402552 0.329505 0.267943 0
30 0.432975 0.233455 0.33357 0
30 0.454472 0.155673 0.389855 0
30 0.33013 0.356323 0.313547 0
30 0.348066 0.382402 0.269532 0
30 0.485236 0.0924216 0.422342 0
30 0.430469 0.18767 0.381861 0
30 0.34152 0.354851 0.303629 0
30 0.397326 0.295792 0.306883 0
30 0.399596 0.259748 0.340656 0
30 0.322505 0.37475 0.302744 0
30 0.448675 0.157493 0.393832 0
