30 0.31302 0.392569 0.294411 0
30 0.360926 0.309645 0.329429 0
30 0.371713 0.351977 0.27631 0
30 0.454308 0.157052 0.38864 0
30 0.483449 0.0659342 0.450617 0
30 0.440194 0.191859 0.367947 0
30 0.371315 0.294443 0.334242 0
30 0.423306 0.186427 0.390267 0
30 0.446739 0.213381 0.339881 0
30 0.380783 0.278913 0.340305 0
30 0.370236 0.303399 0.326365 0
30 0.414499 0.225098 0.360403 0
30 0.513513 0.089896 0.396591 0
30 0.423018 0.212114 0.364867 0
30 0.357063 0.265344 0.377593 0
30 0.509952 0.0827338 0.407314 0
30 0.40814 0.24041 0.35145 0
30 0.395227 0.272139 0.332635 0
30 0.512601 0.103484 0.383915 0
30 0.38633 0.245588 0.368082 0
30 0.459952 0.176919 0.363129 0
30 0.426229 0.247466 0.326306 0
30 0.398111 0.269133 0.332757 0
30 0.279104 0.460285 0.26061 0
30 0.365825 0.321849 0.312325 0
30 0.570297 0.0385779 0.391125 0
30 0.407146 0.252326 0.340529 0
30 0.353732 0.353681 0.292587 0
30 0.266654 0.516995 0.216351 0
30 0.377697 0.298714 0.323589 0
30 0.299708 0.422497 0.277796 0
30 0.484633 0.108369 0.406998 0
30 0.343823 0.33712 0.319057 0
30 0.445201 0.177502 0.377297 0
30 0.40438 0.21559 0.38003 0
30 0.39418 0.224418 0.381402 0
30 0.359002 0.361724 0.279273 0
30 0.468889 0.143427 0.387684 0
30 0.407089 0.226792 0.366119 0
30 0.318518 0.375546 0.305937 0
30 0.33645 0.347851 0.315699 0
30 0.575644 0.0559949 0.368362 0
30 0.237487 0.472186 0.290327 0
30 0.353971 0.299484 0.346545 0
30 0.39821 0.218757 0.383033 0
30 0.306513 0.39472 0.298767 0
30 0.598445 0.0280757 0.37348 0
30 0.414707 0.232357 0.352936 0
30 0.374235 0.303894 0.32187 0
30 0.4893 0.134232 0.376469 0
30 0.364644 0.272571 0.362785 0
30 0.402169 0.262932 0.334899 0
30 0.384928 0.297436 0.317636 0
30 0.364582 0.312436 0.322982 0
30 0.466323 0.126557 0.40712 0
30 0.437763 0.217577 0.34466 0
30 0.37373 0.31316 0.31311 0
30 0.482926 0.159127 0.357947 0
30 0.406089 0.218238 0.375673 0
30 0.447343 0.159608 0.393048 0
30 0.466067 0.165003 0.36893 0
30 0.412231 0.219384 0.368385 0
30 0.35783 0.306997 0.335173 0
30 0.427683 0.175463 0.396854 0
30 0.454113 0.158822 0.387065 0
30 0.360284 0.316982 0.322734 0
30 0.215987 0.581083 0.20293 0
30 0.395745 0.243301 0.360954 0
30 0.437201 0.18086 0.381939 0
30 0.349692 0.282499 0.367809 0
30 0.388653 0.275898 0.335449 0
30 0.518107 0.0701458 0.399639 0.0121088
30 0.421695 0.246876 0.331429 0
30 0.372155 0.291468 0.336376 0
30 0.421745 0.266267 0.311987 0
30 0.339551 0.366885 0.293564 0
30 0.508221 0.0715685 0.414311 0.00589875
30 0.39078 0.291807 0.317413 0
30 0.405522 0.235161 0.340007 0.0193095
30 0.403373 0.237572 0.3371 0.0219546
30 0.430005 0.205839 0.364156 0
30 0.412093 0.256122 0.331785 0
30 0.461506 0.143235 0.395259 0
30 0.343487 0.362694 0.29382 0
30 0.369171 0.284575 0.346255 0
30 0.355486 0.377325 0.267189 0
30 0.29552 0.431337 0.273143 0
30 0.446947 0.185811 0.367242 0
30 0.351001 0.312364 0.336635 0
30 0.339863 0.326954 0.333183 0
30 0.415734 0.21223 0.372035 0
30 0.429773 0.214647 0.35558 0
30 0.4144 0.216361 0.369239 0
30 0.419658 0.259184 0.321158 0
30 0.404702 0.228334 0.366964 0
30 0.392087 0.285551 0.322362 0
30 0.399088 0.261298 0.339615 0
30 0.487673 0.105772 0.406555 0
30 0.360371 0.32752 0.312109 0
30 0.467247 0.151775 0.380978 0
