25 0.240766 0.466814 0.29242 0
25 0.295869 0.416673 0.27952 0.00793829
25 0.314177 0.337638 0.348185 0
25 0.352708 0.323064 0.324228 0
25 0.257831 0.44241 0.299759 0
25 0.379201 0.297287 0.323512 0
25 0.255026 0.467368 0.277606 0
25 0.277917 0.38934 0.332742 0
25 0.303098 0.394726 0.302176 0
25 0.358241 0.265579 0.362878 0.0133026
25 0.312236 0.370233 0.31753 0
25 0.245729 0.485091 0.26918 0
25 0.308352 0.336154 0.355494 0
25 0.246471 0.479211 0.274318 0
25 0.308228 0.356148 0.335624 0
25 0.334907 0.333781 0.331311 0
25 0.27199 0.417777 0.29722 0.0130123
25 0.300314 0.368719 0.330967 0
25 0.29281 0.388253 0.318936 0
25 0.354643 0.291482 0.34729 0.00658518
25 0.287855 0.371908 0.340237 0
25 0.365846 0.275739 0.358415 0
25 0.216531 0.519886 0.251574 0.0120094
25 0.422239 0.182004 0.395757 0
25 0.283138 0.396341 0.320521 0
25 0.362295 0.301863 0.335843 0
25 0.233059 0.495595 0.271346 0
25 0.359142 0.333345 0.307513 0
25 0.399554 0.22996 0.370486 0
25 0.251963 0.447899 0.300138 0
25 0.282923 0.399007 0.318069 0
25 0.299183 0.376942 0.323876 0
25 0.234542 0.481285 0.284174 0
25 0.235618 0.507437 0.256946 0
25 0.320842 0.402459 0.276699 0
25 0.270267 0.438701 0.291032 0
25 0.37366 0.158363 0.467977 0
25 0.253866 0.482499 0.263635 0
25 0.32636 0.326909 0.346732 0
25 0.296325 0.412034 0.291641 0
25 0.487991 0.203028 0.308982 0
25 0.218029 0.523096 0.258875 0
25 0.296363 0.424967 0.27867 0
25 0.394842 0.228748 0.37641 0
25 0.293293 0.398621 0.308086 0
25 0.35406 0.339158 0.306782 0
25 0.331816 0.325062 0.343123 0
25 0.282214 0.420851 0.296935 0
25 0.418725 0.182333 0.398941 0
25 0.265579 0.412469 0.321952 0
25 0.339501 0.304707 0.355792 0
25 0.296357 0.390864 0.312779 0
25 0.228615 0.506626 0.26476 0
25 0.38707 0.273606 0.339323 0
25 0.269646 0.471642 0.258712 0
25 0.249455 0.434886 0.315659 0
25 0.34972 0.275206 0.375074 0
25 0.339203 0.291847 0.36895 0
25 0.230312 0.521268 0.24842 0
25 0.257732 0.480952 0.261315 0
25 0.225714 0.477599 0.296687 0
25 0.357288 0.283438 0.359274 0
25 0.26093 0.452291 0.286779 0
25 0.328474 0.327445 0.344081 0
25 0.385542 0.237565 0.376892 0
25 0.26658 0.420998 0.312423 0
25 0.372372 0.27677 0.350858 0
25 0.265563 0.419717 0.289661 0.0250593
25 0.312558 0.35235 0.335092 0
25 0.290436 0.418408 0.291156 0
25 0.339832 0.335317 0.324851 0
25 0.358752 0.302233 0.339015 0
25 0.414651 0.224999 0.360351 0
25 0.348861 0.325389 0.32575 0
25 0.247318 0.449469 0.303213 0
25 0.349555 0.312028 0.338417 0
25 0.269613 0.41921 0.311176 0
25 0.187703 0.553314 0.258983 0
25 0.242406 0.473169 0.284425 0
25 0.289039 0.44507 0.265891 0
25 0.378848 0.271027 0.350125 0
25 0.280249 0.398558 0.321193 0
25 0.284749 0.418289 0.296963 0
25 0.288454 0.393872 0.317674 0
25 0.244925 0.499706 0.25537 0
25 0.350986 0.312128 0.336886 0
25 0.28649 0.364857 0.348653 0
25 0.291377 0.369179 0.339443 0
25 0.340113 0.32719 0.332697 0
25 0.33548 0.349762 0.314757 0
25 0.245052 0.483352 0.271596 0
25 0.255165 0.434158 0.299042 0.0116347
25 0.289121 0.391092 0.319787 0
25 0.3106 0.345558 0.343842 0
25 0.302176 0.35783 0.339994 0
25 0.238597 0.469056 0.292347 0
25 0.295931 0.399816 0.304253 0
25 0.268663 0.453833 0.277505 0
25 0.223991 0.514086 0.261923 0
25 0.28873 0.397092 0.314177 0
