25 0.209997 0.128352 0.64943 0.0122206
25 0.165558 0.161668 0.615177 0.0575964
25 0.186805 0.136791 0.653009 0.023395
25 0.229044 0.138288 0.599849 0.0328184
25 0.185873 0.152965 0.601049 0.0601128
25 0.280242 0.044231 0.644551 0.0309758
25 0.159081 0.206096 0.619491 0.0153322
25 0.167774 0.118948 0.708802 0.00447707
25 0.152803 0.251247 0.552688 0.0432618
25 0.182821 0.121953 0.615471 0.0797552
25 0.177805 0.146225 0.634651 0.0413193
25 0.165702 0.0824726 0.667184 0.0846417
25 0.201565 0.110592 0.647924 0.0399196
25 0.167711 0.0421033 0.724471 0.0657156
25 0.212761 0.125553 0.550229 0.111457
25 0.166969 0.042193 0.736847 0.0539916
25 0.155882 0.109327 0.666619 0.0681723
25 0.147079 0.0869686 0.746098 0.0198542
25 0.181835 0.127762 0.586981 0.103421
25 0.289829 0.00234742 0.609881 0.0979429
25 0.163172 0.154635 0.607068 0.0751246
25 0.189874 0.0317716 0.747786 0.0305687
25 0.191845 0.163468 0.547883 0.0968041
25 0.220096 0.289909 0.488539 0.00145566
25 0.182388 0 0.788056 0.0295559
25 0.196355 0.132243 0.629551 0.0418516
25 0.212527 0.106267 0.636021 0.0451862
25 0.211614 0.056902 0.698151 0.0333337
25 0.171076 0.0739838 0.656898 0.0980422
25 0.242066 0.10274 0.644122 0.0110724
25 0.199059 0.0740446 0.6327 0.094196
25 0.206931 0.0800403 0.572268 0.14076
25 0.149813 0.181564 0.598466 0.0701578
25 0.24372 0.126536 0.601494 0.0282498
25 0.269177 0.0536968 0.656961 0.0201657
25 0.249718 0.0990394 0.548997 0.102246
25 0.211128 0.026648 0.684494 0.07773
25 0.258078 0.0401373 0.645045 0.0567398
25 0.185888 0.0803691 0.681917 0.0518257
25 0.179515 0.0536697 0.560581 0.206235
25 0.16987 0.178686 0.622974 0.0284689
25 0.179455 0.18922 0.602599 0.0287256
25 0.143207 0.187092 0.628825 0.0408761
25 0.253366 0.0359402 0.652361 0.0583332
25 0.172561 0.0114084 0.729342 0.0866887
25 0.162852 0.0549684 0.777871 0.00430867
25 0.197045 0.078547 0.6811 0.0433081
25 0.229287 0.01211 0.700851 0.0577521
25 0.238098 0.0749461 0.602228 0.0847282
25 0.182658 0.0292092 0.750111 0.0380217
25 0.236347 0.102221 0.525669 0.135763
25 0.204866 0.0110397 0.696139 0.0879551
25 0.217849 0.0571994 0.701402 0.0235499
25 0.223646 0.0590428 0.630012 0.0872988
25 0.172315 0.157426 0.561816 0.108442
25 0.209823 0.0687036 0.713261 0.00821286
25 0.202581 0.0816518 0.694172 0.0215951
25 0.241835 0.0590381 0.582891 0.116236
25 0.215343 0.174125 0.594787 0.0157453
25 0.175273 0.123334 0.69963 0.00176279
25 0.252459 0.0429459 0.702004 0.00259097
25 0.191321 0.128074 0.527984 0.152621
25 0.185811 0.0849989 0.720022 0.00916803
25 0.158581 0.233373 0.589984 0.0180619
25 0.174537 0.0578703 0.727666 0.0399272
25 0.210113 0.0919044 0.638256 0.0597263
25 0.198489 0.0344547 0.72309 0.0439657
25 0.259425 0.0345514 0.703582 0.00244204
25 0.13768 0.363126 0.477881 0.0213133
25 0.176347 0.092605 0.682622 0.0484256
25 0.228677 0.0273176 0.728718 0.0152872
25 0.210434 0.075308 0.703833 0.0104245
25 0.247086 0.125378 0.598351 0.0291846
25 0.224817 0.0391231 0.660995 0.0750643
25 0.221707 0.130921 0.601402 0.045969
25 0.267778 0.0884088 0.641922 0.00189177
25 0.199088 0.0596501 0.613996 0.127266
25 0.239512 0.0231046 0.715866 0.0215173
25 0.149526 0.287781 0.518475 0.044219
25 0.182496 0.063994 0.72311 0.0303996
25 0.16823 0.177755 0.624154 0.0298607
25 0.192809 0.166922 0.454993 0.185277
25 0.215095 0.00854378 0.719188 0.0571734
25 0.248295 0.0230841 0.656488 0.0721325
25 0.215988 0.0145466 0.696237 0.0732287
25 0.177442 0.0293215 0.699056 0.0941809
25 0.216076 0.12771 0.641058 0.0151567
25 0.153792 0.248353 0.597855 0
25 0.202252 0.0987275 0.655423 0.0435977
25 0.264459 0.0888263 0.644393 0.00232257
25 0.222376 0.0662904 0.598594 0.112741
25 0.201245 0.0891742 0.707754 0.00182641
25 0.192367 0.268597 0.508197 0.030839
25 0.203051 0.0629594 0.632295 0.101695
25 0.219425 0.0129489 0.698526 0.0691001
25 0.222492 0.0854287 0.666329 0.0257497
25 0.264086 0.0488736 0.662793 0.0242471
25 0.182142 0.105182 0.694718 0.0179582
25 0.203016 0.0748879 0.70452 0.0175762
25 0.223989 0.121613 0.654398 0
