15 0.0846027 0.342692 0.571805 0.000899699
15 0.10007 0.310633 0.589297 0
15 0.0843503 0.334768 0.580882 0
15 0.0385329 0.45739 0.504077 0
15 0.0573238 0.335404 0.607272 0
15 0.0517137 0.282541 0.445218 0.220527
15 0.190551 0.336271 0.473178 0
15 0.0525398 0.355679 0.591781 0
15 0.0523013 0.306365 0.641333 0
15 0.0570106 0.389642 0.553348 0
15 0.119448 0.364362 0.51619 0
15 0.11592 0.384505 0.499575 0
15 0.0427991 0.394105 0.563096 0
15 0.0873 0.337237 0.575463 0
15 0.0837269 0.359475 0.508274 0.0485236
15 0.0741912 0.277982 0.643551 0.00427533
15 0.096336 0.393587 0.510077 0
15 0.0992741 0.360036 0.54069 0
15 0.0482116 0.414467 0.537321 0
15 0.0568533 0.415309 0.527837 0
15 0.159879 0.35211 0.488011 0
15 0.110462 0.325831 0.563707 0
15 0.0605244 0.307758 0.631718 0
15 0.302824 0.361112 0.336064 0
15 0.0735365 0.463331 0.463133 0
15 0.114787 0.310432 0.574781 0
15 0.0598358 0.349266 0.590898 0
15 0.111272 0.400116 0.488611 0
15 0.0721217 0.361233 0.566645 0
15 0.0546038 0.378099 0.567298 0
15 0.257675 0.349139 0.393186 0
15 0.0694382 0.395499 0.535063 0
15 0.0992725 0.348706 0.537676 0.0143461
15 0.145532 0.26467 0.589799 0
15 0.095473 0.363339 0.541188 0
15 0.0622926 0.384702 0.553005 0
15 0.100335 0.332331 0.567333 0
15 0.08293 0.326404 0.590666 0
15 0.0805321 0.4219 0.497568 0
15 0.110979 0.391992 0.497029 0
15 0.0845587 0.308102 0.607339 0
15 0.0714968 0.333806 0.594697 0
15 0.0724507 0.331422 0.596127 0
15 0.238973 0.330811 0.430216 0
15 0.113084 0.347217 0.539699 0
15 0.0986385 0.387693 0.513238 0.000430501
15 0.132171 0.31703 0.550799 0
15 0.0541772 0.30569 0.640133 0
15 0.105556 0.336688 0.557756 0
15 0.0707587 0.349913 0.579329 0
15 0.103879 0.287289 0.608833 0
15 0.0940433 0.390727 0.51523 0
15 0.228467 0.343225 0.428308 0
15 0.0819021 0.309949 0.608149 0
15 0.0981562 0.29365 0.608194 0
15 0.0619012 0.362134 0.575965 0
15 0.128461 0.404977 0.466562 0
15 0.0952598 0.383322 0.521418 0
15 0.0954704 0.284567 0.619963 0
15 0.101145 0.418955 0.4799 0
15 0.0590909 0.306965 0.633944 0
15 0.0472333 0.29958 0.653187 0
15 0.122892 0.315128 0.302189 0.259791
15 0.0853123 0.329645 0.585042 0
15 0.261794 0.344701 0.393506 0
15 0.0532611 0.399279 0.54746 0
15 0.107271 0.286914 0.605815 0
15 0.108974 0.269992 0.621034 0
15 0.0976739 0.453981 0.448345 0
15 0.0624532 0.38669 0.550856 0
15 0.0922633 0.387173 0.520563 0
15 0.0973611 0.400492 0.502147 0
15 0.0994659 0.362788 0.537747 0
15 0.0835854 0.401325 0.515089 0
15 0.0888338 0.419804 0.491362 0
15 0.135387 0.346621 0.517992 0
15 0.133957 0.335039 0.531004 0
15 0.100171 0.390973 0.508856 0
15 0.078028 0.313226 0.608746 0
15 0.0888049 0.382146 0.529049 0
15 0.0735191 0.288861 0.63762 0
15 0.104312 0.32407 0.571618 0
15 0.113639 0.360619 0.525742 0
15 0.0782529 0.353737 0.56801 0
15 0.132089 0.400253 0.467658 0
15 0.0446079 0.386863 0.567508 0.00102075
15 0.0851267 0.3715 0.543373 0
15 0.0749162 0.316988 0.608096 0
15 0.0683625 0.362258 0.56938 0
15 0.0861325 0.298595 0.615272 0
15 0.118789 0.290231 0.59098 0
15 0.107894 0.30382 0.588286 0
15 0.0707029 0.419971 0.509326 0
15 0.0893601 0.433449 0.47719 0
15 0.139816 0.269292 0.530798 0.0600949
15 0.0811503 0.451401 0.467449 0
15 0.0713446 0.290177 0.638478 0
15 0.110937 0.352774 0.536289 0
15 0.0871067 0.429555 0.483339 0
15 0.0766783 0.417305 0.506017 0
