25 0.143177 0.34926 0.48796 0.0196028
25 0.111963 0.494709 0.350059 0.0432691
25 0.13636 0.395368 0.413707 0.0545649
25 0.0986481 0.521768 0.349496 0.0300873
25 0.131584 0.400483 0.427775 0.0401577
25 0.166259 0.315129 0.455275 0.0633372
25 0.216973 0.234685 0.50374 0.0446011
25 0.21516 0.1803 0.424134 0.180405
25 0.12808 0.450481 0.372623 0.0488169
25 0.103982 0.463723 0.379201 0.0530947
25 0.170021 0.324422 0.441546 0.0640112
25 0.184387 0.278809 0.404168 0.132637
25 0.15201 0.358934 0.432285 0.0567709
25 0.140286 0.356859 0.472429 0.0304261
25 0.134293 0.445142 0.395414 0.025152
25 0.219802 0.313787 0.463505 0.00290599
25 0.148611 0.425819 0.373339 0.0522305
25 0.144905 0.406501 0.431743 0.0168517
25 0.126818 0.462849 0.38172 0.0286134
25 0.214746 0.223677 0.463475 0.0981013
25 0.173305 0.286433 0.525086 0.0151762
25 0.121946 0.293315 0.426907 0.157832
25 0.209871 0.14778 0.501732 0.140617
25 0.119996 0.443077 0.334636 0.102291
25 0.177683 0.271097 0.417659 0.133561
25 0.158814 0.435025 0.404728 0.00143206
25 0.129542 0.412433 0.339526 0.118499
25 0.181348 0.264425 0.347035 0.207192
25 0.11267 0.509025 0.321224 0.057081
25 0.158223 0.274401 0.446532 0.120843
25 0.140702 0.383036 0.443349 0.0329128
25 0.190759 0.26358 0.482885 0.0627755
25 0.176501 0.235175 0.402297 0.186027
25 0.199588 0.277022 0.441933 0.0814578
25 0.16575 0.346143 0.478532 0.0095748
25 0.14464 0.371006 0.451436 0.0329179
25 0.167276 0.330403 0.4255 0.0768215
25 0.156732 0.274459 0.406293 0.162516
25 0.151521 0.436563 0.410999 0.000917563
25 0.184594 0.282261 0.407477 0.125668
25 0.230503 0.176302 0.447975 0.145221
25 0.110537 0.43485 0.42104 0.033573
25 0.138303 0.367007 0.390285 0.104405
25 0.145066 0.350015 0.466439 0.0384801
25 0.121533 0.404079 0.461474 0.0129138
25 0.104248 0.422608 0.422094 0.0510497
25 0.176123 0.419543 0.358387 0.0459469
25 0.114583 0.434475 0.41457 0.0363716
25 0.147468 0.430883 0.3777 0.0439491
25 0.120108 0.456275 0.390766 0.0328513
25 0.173944 0.422905 0.40315 0
25 0.174136 0.423949 0.395129 0.00678552
25 0.175011 0.339203 0.390543 0.0952428
25 0.144113 0.393694 0.449356 0.0128378
25 0.123787 0.446505 0.392505 0.0372036
25 0.137231 0.394076 0.39766 0.0710326
25 0.137745 0.44704 0.361025 0.0541898
25 0.137983 0.375895 0.436354 0.0497686
25 0.225018 0.17295 0.433118 0.168914
25 0.157246 0.288209 0.420654 0.133891
25 0.126767 0.487322 0.353774 0.0321383
25 0.147047 0.380439 0.411365 0.0611484
25 0.242112 0.219648 0.458466 0.0797752
25 0.196214 0.287066 0.369362 0.147358
25 0.211463 0.119401 0.456426 0.21271
25 0.153245 0.324021 0.446086 0.0766482
25 0.147633 0.331459 0.403083 0.117825
25 0.195083 0.306034 0.436397 0.0624856
25 0.142483 0.405628 0.430099 0.02179
25 0.128749 0.425691 0.434605 0.0109543
25 0.140421 0.421816 0.399639 0.0381241
25 0.111337 0.455763 0.380826 0.0520738
25 0.153358 0.351091 0.478894 0.0166568
25 0.180491 0.260709 0.526031 0.0327686
25 0.1125 0.46571 0.29104 0.130749
25 0.128918 0.399615 0.377252 0.0942151
25 0.146503 0.330931 0.416689 0.105877
25 0.163515 0.366864 0.385655 0.0839657
25 0.107325 0.446472 0.424636 0.0215662
25 0.140513 0.375244 0.475498 0.00874511
25 0.176513 0.24679 0.415743 0.160954
25 0.124087 0.475129 0.386803 0.013981
25 0.174894 0.340388 0.458027 0.0266913
25 0.18193 0.276707 0.435807 0.105556
25 0.102511 0.424451 0.40639 0.0666484
25 0.196416 0.278307 0.503105 0.0221725
25 0.164895 0.323076 0.430972 0.0810564
25 0.228253 0.20413 0.415078 0.15254
25 0.22144 0.205822 0.500366 0.072372
25 0.10873 0.450198 0.384298 0.0567739
25 0.114414 0.509576 0.335703 0.0403065
25 0.145418 0.264441 0.42453 0.165612
25 0.132992 0.461628 0.375574 0.0298056
25 0.122352 0.459456 0.351961 0.0662307
25 0.156019 0.432401 0.397755 0.0138246
25 0.152539 0.420566 0.384202 0.0426926
25 0.182408 0.360957 0.418223 0.0384118
25 0.176412 0.346366 0.45683 0.0203912
25 0.141243 0.388784 0.445484 0.0244899
25 0.103255 0.490146 0.358478 0.0481216
