25 0.432473 0.237795 0.329732 0
25 0.331827 0.327348 0.340825 0
25 0.284079 0.386874 0.329047 0
25 0.237251 0.376484 0.386265 0
25 0.33113 0.307811 0.361059 0
25 0.28588 0.344061 0.370059 0
25 0.313859 0.379837 0.301054 0.00525018
25 0.276536 0.404614 0.318851 0
25 0.297102 0.352236 0.350662 0
25 0.348855 0.28573 0.365414 0
25 0.280489 0.360305 0.359206 0
25 0.318244 0.357028 0.324728 0
25 0.307387 0.353973 0.338641 0
25 0.241489 0.479269 0.279242 0
25 0.316209 0.24622 0.409129 0.028442
25 0.283775 0.394407 0.321817 0
25 0.364904 0.250373 0.384723 0
25 0.350807 0.257842 0.39135 0
25 0.239649 0.46169 0.298662 0
25 0.321821 0.410096 0.268083 0
25 0.322963 0.292979 0.384058 0
25 0.247103 0.487563 0.265334 0
25 0.326348 0.305912 0.36774 0
25 0.229697 0.439298 0.331006 0
25 0.305807 0.318064 0.376128 0
25 0.274552 0.447199 0.278248 0
25 0.308531 0.346008 0.345461 0
25 0.305062 0.242052 0.452885 0
25 0.305093 0.355375 0.339531 0
25 0.305909 0.345546 0.348544 0
25 0.309581 0.343755 0.346664 0
25 0.236264 0.39694 0.366796 0
25 0.352734 0.288059 0.340221 0.0189864
25 0.402143 0.171412 0.426444 0
25 0.231807 0.488396 0.279798 0
25 0.259816 0.443443 0.296741 0
25 0.412705 0.109555 0.477739 0
25 0.311224 0.31924 0.319007 0.0505292
25 0.265002 0.405925 0.329073 0
25 0.262365 0.450229 0.287406 0
25 0.330073 0.351278 0.318649 0
25 0.301139 0.364495 0.334367 0
25 0.30231 0.291497 0.406193 0
25 0.259656 0.412836 0.327508 0
25 0.241358 0.45863 0.300013 0
25 0.326682 0.296925 0.376393 0
25 0.350096 0.226344 0.42356 0
25 0.345331 0.279695 0.374973 0
25 0.364996 0.244332 0.390672 0
25 0.256307 0.479353 0.26434 0
25 0.252973 0.442743 0.304283 0
25 0.292846 0.412216 0.294938 0
25 0.284448 0.382322 0.333231 0
25 0.407936 0.190024 0.40204 0
25 0.283844 0.344842 0.371314 0
25 0.251739 0.429653 0.318608 0
25 0.297494 0.360201 0.342305 0
25 0.380528 0.290619 0.328852 0
25 0.341717 0.294966 0.363317 0
25 0.243872 0.487196 0.268932 0
25 0.31517 0.297854 0.386976 0
25 0.31101 0.350548 0.338442 0
25 0.366788 0.211617 0.421595 0
25 0.278031 0.399966 0.322003 0
25 0.298145 0.359623 0.342232 0
25 0.289316 0.400349 0.310335 0
25 0.239051 0.460416 0.300534 0
25 0.279179 0.409839 0.310982 0
25 0.294029 0.310475 0.395497 0
25 0.279075 0.379792 0.341133 0
25 0.390688 0.17131 0.438001 0
25 0.319544 0.334621 0.345835 0
25 0.355589 0.300983 0.343428 0
25 0.230963 0.435335 0.315154 0.0185475
25 0.347993 0.25176 0.400247 0
25 0.337383 0.251814 0.410803 0
25 0.504184 0.119097 0.376719 0
25 0.251919 0.408089 0.339992 0
25 0.279453 0.388953 0.331594 0
25 0.342589 0.290059 0.367352 0
25 0.264297 0.41658 0.319123 0
25 0.353759 0.253577 0.392664 0
25 0.327688 0.30463 0.367682 0
25 0.274744 0.411176 0.285768 0.0283121
25 0.337648 0.237934 0.414887 0.00953192
25 0.317096 0.307047 0.375857 0
25 0.345923 0.279053 0.375024 0
25 0.277012 0.346057 0.376931 0
25 0.257605 0.380181 0.362214 0
25 0.336999 0.282063 0.380938 0
25 0.330285 0.335748 0.333967 0
25 0.30212 0.412666 0.285214 0
25 0.319594 0.301194 0.379212 0
25 0.284499 0.383998 0.331503 0
25 0.406058 0.213304 0.380638 0
25 0.189122 0.499377 0.311501 0
25 0.408268 0.202781 0.388951 0
25 0.338567 0.277738 0.383696 0
25 0.444796 0.121451 0.433752 0
25 0.322967 0.304414 0.372619 0
