15 0.00537264 0.686597 0.30803 0
15 0.0320438 0.626508 0.305332 0.036116
15 0.0263533 0.684039 0.289608 0
15 0.00566757 0.684944 0.309388 0
15 0.00764524 0.682731 0.309623 0
15 0.00844808 0.69424 0.297311 0
15 0.00785834 0.732969 0.259173 0
15 0.00731982 0.739436 0.253245 0
15 0.00744845 0.727924 0.264627 0
15 0.0242484 0.622514 0.353238 0
15 0.0282698 0.666964 0.304766 0
15 0.0137906 0.714568 0.271641 0
15 0.0275928 0.528299 0.444108 0
15 0.0200145 0.649714 0.330271 0
15 0.00807314 0.699522 0.292404 0
15 0.00871413 0.743919 0.247366 0
15 0.0119796 0.641918 0.346103 0
15 0.00507705 0.71608 0.278843 0
15 0.00822306 0.753653 0.238124 0
15 0.0262477 0.58959 0.362958 0.0212038
15 0.00517695 0.743958 0.250865 0
15 0.0129047 0.691018 0.296077 0
15 0.0132708 0.663426 0.323304 0
15 0.00717098 0.685382 0.307447 0
15 0.0155008 0.664271 0.320228 0
15 0.0162892 0.669574 0.314137 0
15 0.00588983 0.758335 0.235776 0
15 0.00800211 0.645114 0.346884 0
15 0.00735428 0.688958 0.303687 0
15 0.00914533 0.741767 0.249088 0
15 0.00756872 0.731577 0.260855 0
15 0.0245639 0.732275 0.243161 0
15 0.00519276 0.71962 0.275187 0
15 0.0155126 0.662137 0.32235 0
15 0.00624658 0.713676 0.280077 0
15 0.00545342 0.756072 0.224713 0.0137608
15 0.0178048 0.708129 0.274066 0
15 0.00514463 0.767862 0.226994 0
15 0.0198029 0.627606 0.352591 0
15 0.0100646 0.608641 0.381294 0
15 0.0243833 0.712057 0.243442 0.0201176
15 0.0081183 0.687688 0.304194 0
15 0.00608683 0.72004 0.273873 0
15 0.0428565 0.686057 0.271086 0
15 0.0126762 0.732937 0.254387 0
15 0.0122182 0.665427 0.322355 0
15 0.00552586 0.77173 0.222745 0
15 0.00982957 0.705935 0.279796 0.00444001
15 0.00559453 0.715559 0.278847 0
15 0.0107378 0.647131 0.342131 0
15 0.0104604 0.667674 0.321865 0
15 0.0113682 0.679572 0.309059 0
15 0.00886972 0.727645 0.263485 0
15 0.00750583 0.73005 0.254805 0.00763934
15 0.00999375 0.679759 0.310247 0
15 0.00787024 0.628971 0.363158 0
15 0.0075743 0.647792 0.344634 0
15 0.0122138 0.693813 0.293973 0
15 0.0232437 0.684023 0.292734 0
15 0.0115118 0.638925 0.349563 0
15 0.00541478 0.748971 0.245614 0
15 0.0114415 0.668529 0.320029 0
15 0.0084711 0.698428 0.293101 0
15 0.00555483 0.771738 0.222707 0
15 0.010365 0.636039 0.353596 0
15 0.00614355 0.739335 0.254522 0
15 0.00959706 0.639191 0.351212 0
15 0.0121549 0.584099 0.403746 0
15 0.0132823 0.617239 0.369478 0
15 0.00926135 0.623285 0.342295 0.0251593
15 0.0685575 0.656988 0.274455 0
15 0.0107433 0.715108 0.274149 0
15 0.0312118 0.645352 0.323437 0
15 0.00889833 0.702564 0.281105 0.00743287
15 0.00597715 0.706485 0.287538 0
15 0.00580703 0.718657 0.275536 0
15 0.0167595 0.569199 0.414041 0
15 0.00950311 0.702697 0.2878 0
15 0.0790662 0.594612 0.326321 0
15 0.0104089 0.748614 0.240977 0
15 0.0113845 0.718985 0.269631 0
15 0.019593 0.596087 0.38432 0
15 0.0121192 0.678573 0.309307 0
15 0.0150037 0.600847 0.384149 0
15 0.0144605 0.708538 0.277002 0
15 0.00569599 0.718114 0.27619 0
15 0.00617957 0.729769 0.264052 0
15 0.00900532 0.687875 0.30312 0
15 0.00671595 0.751185 0.242099 0
15 0.0113093 0.655252 0.333439 0
15 0.0119016 0.644041 0.31668 0.0273779
15 0.0116856 0.605729 0.382585 0
15 0.0146893 0.713886 0.271425 0
15 0.00634203 0.697845 0.295813 0
15 0.0254299 0.641744 0.332826 0
15 0.0066416 0.635889 0.35747 0
15 0.0178207 0.649987 0.332192 0
15 0.0208473 0.643269 0.335884 0
15 0.0140112 0.670751 0.311002 0.00423668
15 0.0192821 0.650536 0.330182 0
