20 0.0116869 0.51651 0.471803 0
20 0.0472285 0.571916 0.380855 0
20 0.00417593 0.706329 0.289495 0
20 0.0343072 0.64868 0.317012 0
20 0.00631813 0.615432 0.338509 0.039741
20 0.0093677 0.624438 0.366194 0
20 0.00753495 0.737634 0.254831 0
20 0.00713746 0.62091 0.371952 0
20 0.152681 0.41968 0.42764 0
20 0.00789065 0.550944 0.441166 0
20 0.00596405 0.661055 0.332981 0
20 0.00763659 0.591114 0.401249 0
20 0.0316141 0.546048 0.422338 0
20 0.012868 0.605775 0.381357 0
20 0.010672 0.686724 0.302604 0
20 0.0415198 0.592661 0.365819 0
20 0.0114898 0.526685 0.461825 0
20 0.00786777 0.582842 0.40929 0
20 0.00654152 0.620422 0.373036 0
20 0.00448684 0.657466 0.338047 0
20 0.00830923 0.66295 0.328741 0
20 0.0163284 0.615473 0.368199 0
20 0.00862648 0.503092 0.488281 0
20 0.0075996 0.766159 0.226242 0
20 0.00740872 0.680001 0.312591 0
20 0.0299735 0.513814 0.456213 0
20 0.0053477 0.582815 0.411837 0
20 0.0208841 0.621962 0.357153 0
20 0.00951787 0.683807 0.306675 0
20 0.0199903 0.574558 0.405452 0
20 0.0196755 0.585248 0.395077 0
20 0.00884642 0.545321 0.445833 0
20 0.011781 0.695692 0.292527 0
20 0.00663631 0.625435 0.367929 0
20 0.0194697 0.670082 0.310448 0
20 0.0189387 0.618912 0.362149 0
20 0.0106871 0.679235 0.310078 0
20 0.0885993 0.393289 0.518111 0
20 0.00637908 0.623747 0.369874 0
20 0.0370297 0.534139 0.428831 0
20 0.00454217 0.68248 0.312978 0
20 0.0220172 0.634815 0.343168 0
20 0.00457131 0.542833 0.452595 0
20 0.0621339 0.596725 0.341141 0
20 0.00634086 0.571619 0.42204 0
20 0.00732581 0.668234 0.324441 0
20 0.023198 0.659323 0.317479 0
20 0.00639257 0.610932 0.382675 0
20 0.00827513 0.562878 0.428847 0
20 0.00504332 0.658881 0.336076 0
20 0.0111474 0.599072 0.38978 0
20 0.0256616 0.545436 0.428902 0
20 0.00940712 0.661782 0.328811 0
20 0.0780405 0.569892 0.352067 0
20 0.0124493 0.620533 0.367017 0
20 0.00756428 0.667826 0.324609 0
20 0.0118263 0.628718 0.359456 0
20 0.0253417 0.583839 0.39082 0
20 0.00539103 0.653886 0.312085 0.0286376
20 0.0111034 0.616187 0.37271 0
20 0.0436706 0.580407 0.375922 0
20 0.00441627 0.629406 0.366178 0
20 0.0193382 0.591723 0.388939 0
20 0.0125558 0.619645 0.367799 0
20 0.0287386 0.664019 0.307243 0
20 0.00517746 0.609094 0.385729 0
20 0.0438192 0.403012 0.553169 0
20 0.0119338 0.651949 0.336117 0
20 0.00978156 0.585486 0.35696 0.0477719
20 0.0376026 0.635489 0.326908 0
20 0.0953332 0.543116 0.36155 0
20 0.0127802 0.660412 0.326808 0
20 0.00888173 0.639649 0.351469 0
20 0.0170724 0.703194 0.279734 0
20 0.0150245 0.589989 0.394987 0
20 0.0411321 0.477858 0.48101 0
20 0.0110269 0.654929 0.334044 0
20 0.0862554 0.484983 0.428762 0
20 0.0319586 0.533401 0.434641 0
20 0.0342767 0.57098 0.394743 0
20 0.00652873 0.595928 0.397543 0
20 0.0071042 0.683748 0.309148 0
20 0.0114904 0.587404 0.401105 0
20 0.0264483 0.62872 0.344832 0
20 0.0387145 0.558222 0.403063 0
20 0.00539226 0.745838 0.24877 0
20 0.0096656 0.510394 0.451672 0.0282686
20 0.00661917 0.601309 0.392072 0
20 0.0139459 0.711026 0.275028 0
20 0.0108493 0.596068 0.393083 0
20 0.00747566 0.762303 0.230221 0
20 0.0108451 0.594003 0.395152 0
20 0.00639722 0.652695 0.340908 0
20 0.0288681 0.71644 0.221361 0.0333303
20 0.0119532 0.628162 0.359885 0
20 0.040769 0.504156 0.414982 0.0400933
20 0.0101059 0.686742 0.303152 0
20 0.0146963 0.572437 0.412866 0
20 0.00322681 0.704507 0.292266 0
20 0.010131 0.609583 0.380286 0
