1 0 0.547295 0.452705 0
1 0 0.0608433 0.933072 0.00608495
1 0 0.124729 0.875128 0.00014321
1 0 0.119905 0.872976 0.0071182
1 0 0.0477288 0.947638 0.00463271
1 0 0.313362 0.683771 0.0028665
1 0 0.130095 0.863944 0.00596109
1 0 0.109313 0.883585 0.00710148
1 0 0.138534 0.859614 0.00185226
1 0 0.0620449 0.933823 0.00413215
1 0 0.16285 0.832324 0.0048264
1 0 0.111806 0.882895 0.00529919
1 0 0.178323 0.820751 0.000925496
1 0 0.124621 0.875204 0.000174744
1 0 0.0946096 0.897562 0.00782812
1 0 0.0815111 0.91784 0.000648783
1 0 0.0731807 0.926713 0.000105937
1 0 0.0635446 0.931251 0.00520452
1 0 0.184449 0.809503 0.00604746
1 0 0.0721674 0.927732 0.000100302
1 0 0.160789 0.837058 0.00215287
1 0 0.183336 0.816613 5.11274e-05
1 0 0.0765885 0.923062 0.000349565
1 0 0.214241 0.785759 0
1 0 0.0669745 0.92519 0.00783546
1 0 0.0492434 0.944606 0.00615077
1 0 0.0827947 0.912811 0.00439455
1 0 0.141573 0.858285 0.000142868
1 0 0.0426363 0.949854 0.00750958
1 0 0.145961 0.848608 0.00543086
1 0 0.0854569 0.913286 0.00125718
1 0 0.292527 0.706859 0.000613534
1 0 0.0787092 0.920495 0.000795885
1 0 0.0895824 0.909531 0.000886569
1 0 0.101349 0.893812 0.00483877
1 0 0.191306 0.8084 0.000294
1 0 0.0860627 0.913927 1.07492e-05
1 0 0.0516794 0.941819 0.00650197
1 0 0.121593 0.877722 0.000685246
1 0 0.161657 0.823784 0.0145587
1 0 0.0622313 0.935316 0.00245243
1 0 0.0607914 0.934073 0.00513516
1 0 0.110155 0.888393 0.00145175
1 0 0.193515 0.7999 0.00658549
1 0 0.202166 0.797747 8.61144e-05
1 0 0.109236 0.885773 0.004991
1 0 0.126446 0.868678 0.00487603
1 0 0.0750729 0.92461 0.000316913
1 0 0.152917 0.840627 0.00645637
1 0 0.0518157 0.942131 0.00605297
1 0 0.172434 0.826163 0.00140291
1 0 0.14927 0.845868 0.00486193
1 0 0.136949 0.862885 0.000165576
1 0 0.0697331 0.925011 0.0052557
1 0 0.168993 0.822625 0.00838249
1 0 0.128612 0.870636 0.000752071
1 0 0.0539947 0.939132 0.00687347
1 0 0.0822933 0.917688 1.84089e-05
1 0 0.154503 0.845397 0.000100022
1 0 0.038712 0.955367 0.00592052
1 0 0.137654 0.861726 0.000619167
1 0 0.0617966 0.93757 0.000633739
1 0 0.0965683 0.897708 0.00572401
1 0 0.0567245 0.937328 0.00594708
1 0 0.161764 0.836141 0.00209515
1 0 0.0938168 0.899852 0.0063314
1 0 0.25489 0.744574 0.000536242
1 0 0.0963648 0.901429 0.00220626
1 0 0.0731685 0.921377 0.00545421
1 0 0.0752205 0.91742 0.00735962
1 0 0.061642 0.932096 0.00626239
1 0 0.132983 0.862156 0.00486074
1 0 0.0660578 0.933942 0
1 0 0.116302 0.883677 2.08873e-05
1 0 0.173946 0.820181 0.00587245
1 0 0.0709642 0.925549 0.0034867
1 0 0.14302 0.855862 0.00111832
1 0 0.0611778 0.936308 0.0025142
1 0 0.120998 0.873537 0.00546498
1 0 0.0581409 0.936789 0.00507057
1 0 0.0717759 0.927441 0.00078286
1 0 0.210083 0.788375 0.00154184
1 0 0.170364 0.82644 0.00319638
1 0 0.0937551 0.899753 0.00649224
1 0 0.0802144 0.917345 0.00244067
1 0 0.189389 0.810515 9.6243e-05
1 0 0.168071 0.831906 2.37078e-05
1 0 0.15005 0.849018 0.000931864
1 0 0.0411066 0.953376 0.00551773
1 0 0.0691591 0.925129 0.00571233
1 0 0.158338 0.841658 4.32172e-06
1 0 0.244521 0.75198 0.00349947
1 0 0.132651 0.867018 0.000331526
1 0 0.10351 0.893524 0.00296619
1 0 0.17473 0.82363 0.00163995
1 0 0.0614295 0.934938 0.00363255
1 0 0.201326 0.798055 0.000618164
1 0 0.0719151 0.921761 0.00632434
1 0 0.0603195 0.938407 0.00127385
1 0 0.131483 0.867498 0.00101944
