15 0.144923 0.609071 0.246007 0
15 0.173874 0.531064 0.295062 0
15 0.10013 0.706168 0.193702 0
15 0.171457 0.554229 0.274314 0
15 0.131257 0.623354 0.245389 0
15 0.145111 0.58783 0.267059 0
15 0.15241 0.579793 0.267797 0
15 0.155086 0.561327 0.283586 0
15 0.121183 0.637882 0.240934 0
15 0.131586 0.608383 0.260031 0
15 0.147466 0.59874 0.250281 0.0035132
15 0.173615 0.542516 0.283869 0
15 0.118666 0.623097 0.258237 0
15 0.136322 0.62965 0.234028 0
15 0.144076 0.619761 0.236162 0
15 0.13171 0.614622 0.253668 0
15 0.150225 0.634215 0.21556 0
15 0.126712 0.633074 0.240214 0
15 0.147005 0.584505 0.268491 0
15 0.118348 0.668637 0.213015 0
15 0.18855 0.541055 0.270395 0
15 0.161033 0.574918 0.264049 0
15 0.136367 0.604344 0.259289 0
15 0.138502 0.593338 0.256092 0.0120682
15 0.150367 0.57624 0.263771 0.00962281
15 0.136489 0.618165 0.245346 0
15 0.174954 0.502653 0.306304 0.0160886
15 0.140044 0.583155 0.276802 0
15 0.109953 0.674812 0.215235 0
15 0.184177 0.535399 0.280425 0
15 0.165947 0.558886 0.275166 0
15 0.113677 0.664127 0.222196 0
15 0.158309 0.574246 0.267445 0
15 0.1369 0.641792 0.221308 0
15 0.22631 0.495611 0.278079 0
15 0.155899 0.594455 0.249646 0
15 0.140939 0.629161 0.229899 0
15 0.231311 0.459859 0.30883 0
15 0.181657 0.552048 0.266294 0
15 0.137573 0.612637 0.242642 0.00714851
15 0.116261 0.705543 0.178196 0
15 0.126053 0.60536 0.268587 0
15 0.19498 0.512997 0.292023 0
15 0.133612 0.623484 0.242904 0
15 0.154305 0.610738 0.234957 0
15 0.162788 0.568811 0.268401 0
15 0.166466 0.535898 0.297636 0
15 0.166868 0.536016 0.297116 0
15 0.168342 0.530534 0.301125 0
15 0.142197 0.590517 0.267285 0
15 0.130598 0.625009 0.244393 0
15 0.139732 0.642082 0.218185 0
15 0.142871 0.603107 0.254023 0
15 0.1357 0.641596 0.222704 0
15 0.122154 0.611532 0.266314 0
15 0.128701 0.64323 0.228069 0
15 0.143324 0.615595 0.241081 0
15 0.146004 0.579552 0.274444 0
15 0.118206 0.654636 0.227158 0
15 0.119989 0.685763 0.194248 0
15 0.191675 0.50182 0.306505 0
15 0.212249 0.540136 0.247615 0
15 0.131804 0.664185 0.204011 0
15 0.22039 0.541267 0.238344 0
15 0.127763 0.590395 0.272074 0.0097682
15 0.122529 0.657337 0.220133 0
15 0.149848 0.628887 0.221265 0
15 0.165793 0.530339 0.303868 0
15 0.121013 0.644733 0.234254 0
15 0.160934 0.565797 0.273269 0
15 0.145468 0.623193 0.231339 0
15 0.146038 0.638786 0.215176 0
15 0.129649 0.635597 0.234754 0
15 0.161333 0.560386 0.26756 0.0107213
15 0.135031 0.607989 0.256981 0
15 0.182013 0.56106 0.256927 0
15 0.147378 0.594229 0.258392 0
15 0.182104 0.547175 0.270721 0
15 0.125879 0.608544 0.265577 0
15 0.132986 0.636358 0.230657 0
15 0.108735 0.641555 0.24971 0
15 0.134745 0.634943 0.230312 0
15 0.132425 0.635088 0.232487 0
15 0.134369 0.61105 0.25458 0
15 0.19177 0.478492 0.314754 0.0149838
15 0.139737 0.61608 0.244183 0
15 0.133754 0.605103 0.261143 0
15 0.163527 0.598893 0.23758 0
15 0.143287 0.580991 0.275723 0
15 0.20438 0.535036 0.260584 0
15 0.15984 0.598251 0.241909 0
15 0.13428 0.618461 0.247259 0
15 0.142261 0.646914 0.210825 0
15 0.0854213 0.715278 0.199301 0
15 0.166663 0.558077 0.275261 0
15 0.110332 0.671741 0.217927 0
15 0.1116 0.647841 0.240559 0
15 0.143303 0.609413 0.247284 0
15 0.174008 0.531196 0.294796 0
15 0.173142 0.567084 0.259774 0
