5 0.0314403 0.648443 0.274887 0.0452301
5 0.0244654 0.637221 0.316102 0.0222118
5 0.0402705 0.682675 0.263148 0.013907
5 0.0343546 0.624922 0.297881 0.042842
5 0.0359506 0.552521 0.312048 0.0994805
5 0.0315026 0.606558 0.313148 0.0487922
5 0.0345468 0.609473 0.30307 0.0529102
5 0.0277949 0.706419 0.26067 0.00511597
5 0.0442013 0.528903 0.308185 0.11871
5 0.0252195 0.564753 0.338835 0.0711932
5 0.0316684 0.621422 0.27718 0.0697294
5 0.0230633 0.580558 0.323444 0.0729343
5 0.026461 0.638768 0.307855 0.0269164
5 0.0311811 0.519407 0.389504 0.0599086
5 0.0354089 0.629076 0.305802 0.0297131
5 0.0434491 0.593086 0.321215 0.0422503
5 0.0330474 0.656074 0.291749 0.0191298
5 0.0407928 0.57051 0.324394 0.0643028
5 0.0441372 0.597833 0.29434 0.0636899
5 0.03298 0.594534 0.322817 0.0496692
5 0.0373956 0.547584 0.322992 0.0920286
5 0.0384107 0.599375 0.31361 0.0486041
5 0.0231865 0.67084 0.288112 0.0178619
5 0.0510343 0.480062 0.309681 0.159222
5 0.0334971 0.617501 0.336066 0.0129359
5 0.0417861 0.679544 0.264416 0.0142541
5 0.0244642 0.655114 0.300861 0.0195604
5 0.0368828 0.549406 0.344099 0.0696119
5 0.0341531 0.703975 0.250509 0.0113625
5 0.0340104 0.569038 0.339655 0.0572959
5 0.0377112 0.608897 0.30765 0.0457414
5 0.0385035 0.559396 0.352736 0.0493644
5 0.0316726 0.655498 0.298131 0.014699
5 0.0401526 0.559608 0.349898 0.0503421
5 0.0308176 0.670581 0.276962 0.0216392
5 0.0246094 0.703536 0.261781 0.0100735
5 0.0313656 0.648648 0.314781 0.00520612
5 0.0386901 0.623108 0.306091 0.0321105
5 0.0349467 0.631974 0.291138 0.0419413
5 0.033754 0.551409 0.313667 0.10117
5 0.0411757 0.583537 0.323169 0.0521185
5 0.0343697 0.591294 0.302076 0.0722608
5 0.0449093 0.492776 0.344918 0.117397
5 0.0365338 0.627073 0.304202 0.032192
5 0.0304815 0.686665 0.256961 0.0258928
5 0.0291595 0.628971 0.303992 0.0378772
5 0.0343107 0.606688 0.309236 0.0497654
5 0.0393569 0.560262 0.35937 0.0410112
5 0.0279961 0.653699 0.276949 0.0413564
5 0.029467 0.649761 0.309175 0.0115964
5 0.0342036 0.504616 0.340356 0.120824
5 0.027996 0.652489 0.264302 0.0552136
5 0.0272767 0.681997 0.272307 0.01842
5 0.017549 0.695469 0.253409 0.0335733
5 0.0292027 0.679161 0.272481 0.0191547
5 0.0321022 0.62407 0.314575 0.029253
5 0.0380622 0.588478 0.318116 0.0553433
5 0.0410642 0.637462 0.266983 0.0544911
5 0.0464033 0.519949 0.354443 0.0792048
5 0.0339299 0.62456 0.285878 0.055632
5 0.0337656 0.62926 0.294444 0.0425305
5 0.0305729 0.63724 0.302894 0.0292938
5 0.0482266 0.61083 0.312466 0.0284779
5 0.0287919 0.620133 0.323633 0.0274421
5 0.0335572 0.593827 0.333449 0.039167
5 0.0383105 0.574786 0.311085 0.0758188
5 0.0263772 0.608732 0.314861 0.0500293
5 0.0379309 0.601311 0.326522 0.0342357
5 0.0466903 0.602183 0.331035 0.020092
5 0.0341657 0.571953 0.329091 0.0647905
5 0.0386163 0.598897 0.324538 0.0379484
5 0.0323033 0.648164 0.30525 0.0142824
5 0.0335484 0.570927 0.323494 0.0720304
5 0.0380311 0.678098 0.281469 0.00240123
5 0.0193707 0.646168 0.252039 0.0824218
5 0.0251626 0.639609 0.302402 0.0328264
5 0.0276392 0.651138 0.318073 0.00314931
5 0.0159533 0.603421 0.313212 0.0674139
5 0.0377359 0.619377 0.294168 0.0487192
5 0.0463779 0.58568 0.301462 0.06648
5 0.0460931 0.562705 0.350521 0.0406809
5 0.028035 0.659124 0.243545 0.0692962
5 0.0428131 0.601744 0.336675 0.0187676
5 0.0281441 0.555523 0.340495 0.075838
5 0.0306528 0.654134 0.289632 0.0255818
5 0.0397649 0.562616 0.291752 0.105868
5 0.0250514 0.702739 0.264554 0.007656
5 0.040209 0.451515 0.300913 0.207363
5 0.0398641 0.586795 0.340849 0.0324919
5 0.0134178 0.59819 0.330125 0.0582672
5 0.0365878 0.574842 0.303057 0.0855136
5 0.0355333 0.622249 0.325466 0.0167519
5 0.0384857 0.594787 0.291336 0.0753913
5 0.0322297 0.597343 0.345842 0.0245848
5 0.0376734 0.616539 0.301197 0.0445903
5 0.0256418 0.601747 0.336578 0.0360336
5 0.0483117 0.664206 0.263481 0.0240012
5 0.0329604 0.655444 0.281112 0.0304829
5 0.0197673 0.686749 0.262602 0.030882
5 0.0300687 0.514491 0.341131 0.114309
