20 0.0660511 0.593286 0.331121 0.00954169
20 0.0328742 0.604669 0.346982 0.0154745
20 0.0175826 0.708196 0.274221 0
20 0.0175803 0.699615 0.282805 0
20 0.0247449 0.630814 0.344442 0
20 0.0250703 0.68717 0.28776 0
20 0.0295356 0.622102 0.348362 0
20 0.0267035 0.664111 0.309185 0
20 0.0345293 0.745783 0.219688 0
20 0.0314026 0.671856 0.296741 0
20 0.0477126 0.573604 0.378684 0
20 0.0326976 0.61856 0.348743 0
20 0.023005 0.71312 0.263875 0
20 0.0308441 0.52388 0.445276 0
20 0.0272109 0.615346 0.357443 0
20 0.0755811 0.5524 0.372018 0
20 0.0427871 0.562863 0.39435 0
20 0.0262834 0.612721 0.360995 0
20 0.0317742 0.638963 0.329263 0
20 0.0592394 0.567926 0.372835 0
20 0.0316999 0.6146 0.3537 0
20 0.0227759 0.640026 0.337198 0
20 0.0326338 0.627432 0.339934 0
20 0.0256892 0.679144 0.295167 0
20 0.0751373 0.434681 0.38588 0.104302
20 0.0573474 0.561494 0.381158 0
20 0.0467907 0.660437 0.292772 0
20 0.0553534 0.631909 0.312738 0
20 0.0286109 0.694917 0.276472 0
20 0.0368905 0.562209 0.400901 0
20 0.0333998 0.632217 0.334384 0
20 0.0262443 0.6374 0.336356 0
20 0.0447073 0.606168 0.349124 0
20 0.0240126 0.629529 0.346458 0
20 0.100337 0.474912 0.424751 0
20 0.0510938 0.567805 0.381101 0
20 0.0246931 0.643465 0.331841 0
20 0.0618153 0.602896 0.335289 0
20 0.0294341 0.628043 0.342523 0
20 0.0268193 0.629886 0.343295 0
20 0.0208818 0.677326 0.301792 0
20 0.0556832 0.582104 0.362213 0
20 0.0238998 0.653122 0.322979 0
20 0.0475748 0.564081 0.388345 0
20 0.0263666 0.647088 0.326546 0
20 0.0442399 0.653726 0.302034 0
20 0.0363636 0.563932 0.399705 0
20 0.0367015 0.469156 0.494142 0
20 0.0248449 0.563545 0.41161 0
20 0.0519573 0.498475 0.449567 0
20 0.0396634 0.720385 0.239952 0
20 0.0224629 0.694103 0.283434 0
20 0.0469124 0.573762 0.379325 0
20 0.0388203 0.661766 0.299414 0
20 0.0284492 0.573103 0.398448 0
20 0.0512533 0.543965 0.404782 0
20 0.0284536 0.588589 0.382958 0
20 0.046195 0.585336 0.368469 0
20 0.0563882 0.529416 0.406334 0.00786143
20 0.0183352 0.619567 0.362098 0
20 0.0322092 0.54457 0.423221 0
20 0.0283674 0.602039 0.369594 0
20 0.0291181 0.587619 0.383263 0
20 0.0742891 0.55384 0.360105 0.0117658
20 0.0550622 0.606524 0.329512 0.00890273
20 0.0499521 0.581979 0.368069 0
20 0.0375503 0.580464 0.381985 0
20 0.0443804 0.541524 0.414095 0
20 0.0391935 0.568802 0.392004 0
20 0.029473 0.577725 0.392802 0
20 0.0292238 0.57328 0.397497 0
20 0.036499 0.586145 0.377356 0
20 0.0641414 0.588268 0.34759 0
20 0.0633664 0.602007 0.334626 0
20 0.0874962 0.351931 0.560573 0
20 0.0516863 0.559597 0.388717 0
20 0.0616869 0.4093 0.529013 0
20 0.0812578 0.549588 0.369154 0
20 0.0618595 0.585214 0.352927 0
20 0.0240722 0.616768 0.359159 0
20 0.0268422 0.596367 0.376791 0
20 0.0234078 0.565279 0.411313 0
20 0.0268134 0.643953 0.329234 0
20 0.0270636 0.540802 0.432134 0
20 0.0373198 0.551868 0.410813 0
20 0.0689655 0.518333 0.412702 0
20 0.0359439 0.642371 0.321685 0
20 0.0274184 0.603028 0.369554 0
20 0.0724955 0.549566 0.377938 0
20 0.0327839 0.61703 0.350186 0
20 0.073171 0.601139 0.32569 0
20 0.0474735 0.55432 0.398207 0
20 0.0427927 0.603482 0.353726 0
20 0.0381137 0.606545 0.355341 0
20 0.0488865 0.569422 0.381692 0
20 0.042861 0.607165 0.349974 0
20 0.0314722 0.638456 0.330072 0
20 0.0304859 0.546911 0.422603 0
20 0.0201973 0.683268 0.296535 0
20 0.0388392 0.611651 0.326482 0.0230276
