10 0.0883689 0.659056 0.252575 0
10 0.0760197 0.736225 0.187755 0
10 0.0755738 0.68838 0.236046 0
10 0.0959359 0.689614 0.21445 0
10 0.108579 0.656186 0.235235 0
10 0.0844243 0.655702 0.259873 0
10 0.0910777 0.661492 0.24743 0
10 0.0767743 0.730253 0.192972 0
10 0.0742044 0.696308 0.229488 0
10 0.105752 0.656541 0.237707 0
10 0.114717 0.629391 0.255892 0
10 0.0823303 0.676264 0.226278 0.0151272
10 0.110291 0.62999 0.259719 0
10 0.0900972 0.678865 0.231037 0
10 0.0870226 0.686859 0.226119 0
10 0.0817395 0.672032 0.232208 0.0140197
10 0.107578 0.640824 0.251597 0
10 0.0673964 0.722278 0.210325 0
10 0.0662293 0.749026 0.184744 0
10 0.115394 0.61917 0.265436 0
10 0.0908221 0.672283 0.233621 0.0032738
10 0.0975974 0.656405 0.234004 0.0119941
10 0.0787441 0.659469 0.261787 0
10 0.0897265 0.678617 0.231657 0
10 0.0933529 0.665611 0.241036 0
10 0.0908937 0.706584 0.202522 0
10 0.0839406 0.716102 0.199957 0
10 0.0946745 0.678535 0.226791 0
10 0.0617151 0.73178 0.206505 0
10 0.0786652 0.713939 0.207396 0
10 0.0910009 0.670911 0.238088 0
10 0.0782268 0.702572 0.219201 0
10 0.117522 0.625581 0.256897 0
10 0.0859867 0.686551 0.227462 0
10 0.0744084 0.726691 0.1989 0
10 0.098896 0.669908 0.231196 0
10 0.0737912 0.717346 0.208863 0
10 0.0973571 0.645587 0.257056 0
10 0.0810954 0.695839 0.223066 0
10 0.0869371 0.664999 0.248064 0
10 0.0540823 0.747652 0.198266 0
10 0.130665 0.654726 0.214609 0
10 0.0773243 0.700332 0.222343 0
10 0.0652411 0.733814 0.200945 0
10 0.0930112 0.648253 0.247172 0.011564
10 0.0626992 0.72448 0.212821 0
10 0.0932396 0.689204 0.217556 0
10 0.10814 0.641837 0.250023 0
10 0.108406 0.65713 0.234463 0
10 0.0610381 0.752 0.186962 0
10 0.0873043 0.662735 0.249961 0
10 0.103461 0.659313 0.237227 0
10 0.0920134 0.707283 0.197942 0.00276152
10 0.114654 0.613266 0.272079 0
10 0.114395 0.626256 0.25935 0
10 0.0973173 0.659834 0.242849 0
10 0.120279 0.625472 0.254249 0
10 0.0912453 0.663751 0.245004 0
10 0.0963026 0.675496 0.228201 0
10 0.107182 0.651141 0.241677 0
10 0.0824386 0.682584 0.234977 0
10 0.0708741 0.728895 0.200231 0
10 0.0845759 0.691568 0.223857 0
10 0.0930768 0.67719 0.229733 0
10 0.0898704 0.6606 0.24953 0
10 0.108104 0.634399 0.257497 0
10 0.108574 0.611752 0.279674 0
10 0.0837562 0.709833 0.206411 0
10 0.0750645 0.726685 0.19825 0
10 0.069816 0.728632 0.201552 0
10 0.0995573 0.649638 0.250805 0
10 0.0809677 0.717699 0.201333 0
10 0.0996477 0.629732 0.27062 0
10 0.102299 0.660583 0.237118 0
10 0.0594738 0.76137 0.179157 0
10 0.0931697 0.682388 0.224442 0
10 0.0912611 0.675738 0.233001 0
10 0.0891839 0.684301 0.226515 0
10 0.0756028 0.717919 0.206478 0
10 0.0827502 0.695491 0.221759 0
10 0.069552 0.691878 0.230236 0.00833336
10 0.0838989 0.685745 0.230356 0
10 0.10753 0.64334 0.249131 0
10 0.0886132 0.705176 0.20621 0
10 0.0882771 0.67508 0.236643 0
10 0.119474 0.619841 0.260686 0
10 0.0729469 0.742076 0.184977 0
10 0.0958854 0.681348 0.219653 0.0031144
10 0.0832402 0.705823 0.210937 0
10 0.0826196 0.709471 0.207909 0
10 0.125616 0.616416 0.257968 0
10 0.096088 0.685382 0.21853 0
10 0.0729109 0.740025 0.187064 0
10 0.125636 0.649436 0.224928 0
10 0.107246 0.634553 0.258201 0
10 0.107966 0.664948 0.227086 0
10 0.0993043 0.644 0.256696 0
10 0.0614492 0.724028 0.214523 0
10 0.119258 0.616111 0.264631 0
10 0.0600575 0.738032 0.201911 0
