25 0.180218 0.173843 0.645939 0
25 0.284398 0.202559 0.513044 0
25 0.193194 0.279053 0.527753 0
25 0.156898 0.187697 0.655406 0
25 0.0929491 0.173742 0.587495 0.145814
25 0.113018 0.29767 0.589312 0
25 0.126327 0.26675 0.606923 0
25 0.3517 0.162294 0.486006 0
25 0.147357 0.253549 0.564228 0.0348652
25 0.101118 0.236507 0.662375 0
25 0.117108 0.239851 0.64304 0
25 0.183438 0.165463 0.650023 0.00107543
25 0.117644 0.273133 0.609224 0
25 0.1854 0.292947 0.521653 0
25 0.28275 0.182808 0.534443 0
25 0.132742 0.264188 0.60307 0
25 0.212353 0.319411 0.468235 0
25 0.255432 0.169138 0.57543 0
25 0.161318 0.228352 0.61033 0
25 0.147173 0.187587 0.66524 0
25 0.139789 0.167292 0.692919 0
25 0.156206 0.271504 0.57229 0
25 0.18311 0.203626 0.613264 0
25 0.161348 0.311333 0.527319 0
25 0.103937 0.265579 0.630484 0
25 0.0790646 0.266382 0.654554 0
25 0.218985 0.178911 0.602103 0
25 0.177733 0.256363 0.565905 0
25 0.222681 0.288759 0.488561 0
25 0.159771 0.252814 0.587416 0
25 0.212537 0.23943 0.548033 0
25 0.257822 0.263005 0.479173 0
25 0.0904428 0.169237 0.74032 0
25 0.255696 0.200119 0.544185 0
25 0.253916 0.138944 0.607139 0
25 0.247976 0.252123 0.4999 0
25 0.218214 0.320877 0.460909 0
25 0.170921 0.216613 0.612466 0
25 0.0919374 0.265574 0.642488 0
25 0.118813 0.229157 0.65203 0
25 0.172612 0.154467 0.672921 0
25 0.0951362 0.19886 0.627904 0.0780989
25 0.0981782 0.246123 0.655699 0
25 0.243417 0.243884 0.5127 0
25 0.156451 0.191616 0.651932 0
25 0.246227 0.160337 0.593436 0
25 0.137906 0.181567 0.680527 0
25 0.317567 0.20049 0.481943 0
25 0.126407 0.206829 0.666765 0
25 0.159764 0.220244 0.619992 0
25 0.0672147 0.204024 0.728762 0
25 0.253201 0.198272 0.548526 0
25 0.257258 0.186376 0.556366 0
25 0.104126 0.19448 0.701394 0
25 0.129984 0.171619 0.698396 0
25 0.230058 0.245754 0.524188 0
25 0.156062 0.298445 0.545493 0
25 0.2896 0.224299 0.486101 0
25 0.135468 0.234066 0.630466 0
25 0.191539 0.304002 0.504459 0
25 0.118314 0.264843 0.616843 0
25 0.16296 0.171994 0.665045 0
25 0.164649 0.285386 0.549965 0
25 0.147397 0.215049 0.637554 0
25 0.158236 0.181471 0.660293 0
25 0.115075 0.228629 0.656296 0
25 0.235965 0.203333 0.560702 0
25 0.153889 0.199616 0.646495 0
25 0.153953 0.242664 0.603383 0
25 0.225415 0.232321 0.542263 0
25 0.108233 0.189721 0.702046 0
25 0.335652 0.181669 0.482679 0
25 0.138333 0.237805 0.623861 0
25 0.112713 0.255107 0.632181 0
25 0.139121 0.221112 0.639767 0
25 0.38838 0.125784 0.485837 0
25 0.164782 0.30025 0.534967 0
25 0.137662 0.163335 0.699002 0
25 0.455821 0.157163 0.387015 0
25 0.120304 0.260017 0.619679 0
25 0.102256 0.371754 0.52599 0
25 0.169637 0.182965 0.647398 0
25 0.0997001 0.294942 0.605358 0
25 0.162912 0.245694 0.591394 0
25 0.301966 0.256266 0.441768 0
25 0.105175 0.184616 0.646158 0.0640506
25 0.203525 0.221011 0.575464 0
25 0.0713243 0.220229 0.495004 0.213442
25 0.199811 0.203346 0.596842 0
25 0.160779 0.182316 0.656905 0
25 0.121388 0.206043 0.672569 0
25 0.27779 0.190253 0.531957 0
25 0.118582 0.27569 0.605727 0
25 0.0895349 0.134846 0.709682 0.0659369
25 0.183527 0.254643 0.56183 0
25 0.137424 0.162999 0.699577 0
25 0.198219 0.292639 0.509142 0
25 0.0988278 0.362714 0.517722 0.0207367
25 0.141865 0.257521 0.600614 0
25 0.124686 0.171406 0.703908 0
