20 0.323339 0.304411 0.37225 0
20 0.0589126 0.304734 0.636354 0
20 0.10509 0.239215 0.655695 0
20 0.23495 0.382213 0.377251 0.00558626
20 0.136197 0.335946 0.52247 0.00538787
20 0.0569928 0.312852 0.630155 0
20 0.413619 0.212968 0.373413 0
20 0.0858339 0.353695 0.560471 0
20 0.171168 0.272994 0.555839 0
20 0.100203 0.271565 0.628231 0
20 0.1084 0.263691 0.627909 0
20 0.100127 0.287243 0.61263 0
20 0.127139 0.215937 0.656925 0
20 0.10262 0.29726 0.60012 0
20 0.123431 0.293144 0.583425 0
20 0.145311 0.328169 0.526521 0
20 0.0974097 0.37492 0.524106 0.00356377
20 0.0881662 0.289179 0.622655 0
20 0.116949 0.391164 0.491887 0
20 0.133466 0.17996 0.686574 0
20 0.202703 0.234025 0.563272 0
20 0.113902 0.276189 0.609909 0
20 0.304208 0.247805 0.445896 0.0020903
20 0.161736 0.298556 0.539709 0
20 0.093743 0.252838 0.653419 0
20 0.12946 0.365959 0.504581 0
20 0.112628 0.336866 0.550505 0
20 0.245347 0.321607 0.433046 0
20 0.0961991 0.287101 0.6167 0
20 0.0966327 0.265794 0.637573 0
20 0.121918 0.322636 0.555446 0
20 0.126617 0.282516 0.590867 0
20 0.200114 0.192486 0.6074 0
20 0.0855791 0.298738 0.615683 0
20 0.213652 0.225477 0.560871 0
20 0.0959406 0.244218 0.496383 0.163458
20 0.146477 0.292154 0.561369 0
20 0.501059 0.115964 0.382977 0
20 0.114003 0.247171 0.638826 0
20 0.0948594 0.249565 0.548387 0.107188
20 0.170366 0.316512 0.513122 0
20 0.0659699 0.317926 0.616104 0
20 0.15151 0.299726 0.548764 0
20 0.0631148 0.29331 0.641493 0.00208241
20 0.0737634 0.320066 0.606171 0
20 0.164737 0.246986 0.588277 0
20 0.118378 0.258312 0.62331 0
20 0.15855 0.349635 0.491816 0
20 0.167976 0.347327 0.484697 0
20 0.107372 0.260606 0.632022 0
20 0.104686 0.368328 0.526986 0
20 0.202049 0.284022 0.513928 0
20 0.135715 0.28509 0.579195 0
20 0.156278 0.364339 0.479384 0
20 0.12514 0.32546 0.5494 0
20 0.159298 0.355105 0.485597 0
20 0.103589 0.222572 0.673839 0
20 0.0786412 0.204307 0.560183 0.156869
20 0.139534 0.307635 0.552831 0
20 0.0814653 0.377508 0.541027 0
20 0.205233 0.366569 0.428198 0
20 0.170134 0.234686 0.595181 0
20 0.181057 0.276281 0.504684 0.0379782
20 0.104345 0.218834 0.676821 0
20 0.0708488 0.389922 0.539229 0
20 0.102519 0.356022 0.541459 0
20 0.202274 0.301879 0.495847 0
20 0.176009 0.28058 0.543411 0
20 0.215526 0.329033 0.455441 0
20 0.0642347 0.355863 0.579903 0
20 0.167931 0.320945 0.511125 0
20 0.228342 0.235246 0.536412 0
20 0.107865 0.300547 0.591588 0
20 0.0972673 0.18286 0.719872 0
20 0.172951 0.322513 0.504536 0
20 0.180021 0.293482 0.526497 0
20 0.0967472 0.272094 0.631158 0
20 0.129474 0.29622 0.574306 0
20 0.0812116 0.302564 0.616224 0
20 0.0645763 0.350802 0.584621 0
20 0.0863957 0.232532 0.681072 0
20 0.127803 0.260357 0.61184 0
20 0.112801 0.266233 0.620966 0
20 0.108546 0.243348 0.648106 0
20 0.132221 0.370064 0.497715 0
20 0.127901 0.29505 0.577049 0
20 0.105692 0.301253 0.593055 0
20 0.0879027 0.304642 0.607455 0
20 0.108586 0.272636 0.618778 0
20 0.10747 0.277209 0.615322 0
20 0.113 0.44872 0.438279 0
20 0.252051 0.225401 0.522548 0
20 0.14922 0.34767 0.50311 0
20 0.115573 0.255008 0.629419 0
20 0.0997403 0.324923 0.575336 0
20 0.148482 0.228149 0.62337 0
20 0.079108 0.400666 0.520226 0
20 0.160855 0.321269 0.517876 0
20 0.111172 0.334764 0.554064 0
20 0.218397 0.295135 0.486468 0
