10 0.012199 0.775071 0.21273 0
10 0.0123626 0.770457 0.21718 0
10 0.010264 0.78049 0.209246 0
10 0.0245073 0.698108 0.277385 0
10 0.015989 0.76716 0.216851 0
10 0.0125927 0.766256 0.221151 0
10 0.00872291 0.782771 0.208506 0
10 0.0115532 0.733119 0.255328 0
10 0.0150465 0.768819 0.216135 0
10 0.0113911 0.754859 0.217462 0.0162874
10 0.013911 0.757518 0.228571 0
10 0.0125788 0.757783 0.229639 0
10 0.00902317 0.790188 0.200789 0
10 0.011495 0.719234 0.255753 0.0135181
10 0.00943987 0.785319 0.205241 0
10 0.00933947 0.77337 0.21729 0
10 0.0224853 0.701245 0.27627 0
10 0.0125304 0.745063 0.242407 0
10 0.0167572 0.73562 0.247623 0
10 0.0129142 0.755621 0.231465 0
10 0.0158313 0.744185 0.235328 0.00465548
10 0.0202616 0.702782 0.276957 0
10 0.0127582 0.777987 0.209255 0
10 0.0123333 0.736092 0.251574 0
10 0.0129899 0.746424 0.240586 0
10 0.0121826 0.765444 0.222374 0
10 0.0148469 0.666908 0.318245 0
10 0.015998 0.699668 0.284334 0
10 0.0178986 0.726737 0.255364 0
10 0.0145893 0.699442 0.285969 0
10 0.0176743 0.724533 0.257793 0
10 0.0121106 0.771602 0.216287 0
10 0.0185264 0.721394 0.260079 0
10 0.0121591 0.74565 0.242191 0
10 0.0150081 0.742207 0.242785 0
10 0.0156034 0.774327 0.21007 0
10 0.0130549 0.732468 0.254477 0
10 0.0200027 0.738548 0.24145 0
10 0.0182793 0.771957 0.198367 0.0113967
10 0.0173128 0.744165 0.238522 0
10 0.0100842 0.793038 0.196878 0
10 0.0242867 0.641183 0.334531 0
10 0.0128009 0.754956 0.232243 0
10 0.0123882 0.71556 0.272051 0
10 0.0104571 0.745686 0.243857 0
10 0.0205569 0.695832 0.283611 0
10 0.0126407 0.792106 0.195253 0
10 0.0123463 0.784074 0.20358 0
10 0.0216812 0.741125 0.237194 0
10 0.0146799 0.652146 0.333174 0
10 0.0130132 0.714526 0.27246 0
10 0.0161571 0.704061 0.279782 0
10 0.0153054 0.762357 0.222338 0
10 0.0174082 0.713927 0.268665 0
10 0.0159184 0.75264 0.231442 0
10 0.0125982 0.769028 0.218374 0
10 0.021777 0.685436 0.292787 0
10 0.0147369 0.723348 0.261915 0
10 0.0119183 0.736823 0.251258 0
10 0.0189368 0.705626 0.275437 0
10 0.0130523 0.738127 0.248821 0
10 0.00573952 0.819867 0.174393 0
10 0.0119894 0.740798 0.247213 0
10 0.0130168 0.73388 0.253103 0
10 0.0143354 0.764286 0.221379 0
10 0.0128624 0.754198 0.23294 0
10 0.0197754 0.720159 0.253857 0.00620837
10 0.0119436 0.784474 0.203582 0
10 0.015953 0.694249 0.289798 0
10 0.010856 0.766575 0.222569 0
10 0.0160624 0.737421 0.246517 0
10 0.0210382 0.674964 0.303998 0
10 0.0172732 0.7588 0.216952 0.00697547
10 0.0138827 0.775237 0.21088 0
10 0.0139138 0.753021 0.233066 0
10 0.0109201 0.766845 0.222235 0
10 0.0186741 0.713392 0.267934 0
10 0.0110965 0.74599 0.242914 0
10 0.0228732 0.766349 0.210777 0
10 0.0215614 0.737422 0.241017 0
10 0.0136242 0.733773 0.252603 0
10 0.0217349 0.721874 0.256391 0
10 0.0122363 0.759856 0.227908 0
10 0.0156427 0.709721 0.274637 0
10 0.0145457 0.772895 0.21256 0
10 0.016529 0.73229 0.25118 0
10 0.0342158 0.719845 0.24594 0
10 0.0176513 0.709783 0.262895 0.00967062
10 0.0114862 0.720735 0.267779 0
10 0.0165523 0.739704 0.243743 0
10 0.0172436 0.747155 0.235601 0
10 0.0132935 0.755764 0.216306 0.0146368
10 0.0150316 0.712479 0.27249 0
10 0.014651 0.726774 0.258575 0
10 0.0203968 0.714643 0.26496 0
10 0.0232926 0.755364 0.221344 0
10 0.0138148 0.756057 0.230128 0
10 0.011034 0.727432 0.261534 0
10 0.0169391 0.711338 0.256531 0.015192
10 0.0187811 0.668938 0.312281 0
