20 0.0523931 0.675573 0.272034 0
20 0.119766 0.538486 0.341748 0
20 0.044126 0.668137 0.287737 0
20 0.0786087 0.562531 0.35886 0
20 0.0697849 0.472995 0.45722 0
20 0.0544827 0.59708 0.348437 0
20 0.0498816 0.617221 0.332869 2.78552e-05
20 0.0582633 0.566763 0.374973 0
20 0.0530127 0.650212 0.296775 0
20 0.060815 0.583564 0.355621 0
20 0.0664349 0.601208 0.332357 0
20 0.0717272 0.522168 0.406105 0
20 0.0519923 0.555926 0.392082 0
20 0.0495383 0.623296 0.327165 0
20 0.0453758 0.548954 0.40567 0
20 0.0538585 0.566548 0.379594 0
20 0.106976 0.568155 0.324869 0
20 0.0439087 0.670127 0.285964 0
20 0.0719686 0.539369 0.388662 0
20 0.0854972 0.483764 0.430739 0
20 0.0715249 0.537442 0.391033 0
20 0.0616892 0.659795 0.278516 0
20 0.0488509 0.630134 0.321015 0
20 0.0704597 0.588844 0.340696 0
20 0.0599336 0.657606 0.28246 0
20 0.0787859 0.613887 0.307327 0
20 0.0633167 0.526879 0.409804 0
20 0.0552224 0.574927 0.369851 0
20 0.0801425 0.592064 0.327793 0
20 0.0565707 0.575133 0.368296 0
20 0.0734525 0.640274 0.286273 0
20 0.0493901 0.600083 0.350527 0
20 0.0557673 0.664072 0.28016 0
20 0.0770199 0.621861 0.301119 0
20 0.0637911 0.62434 0.311869 0
20 0.058041 0.577642 0.364317 0
20 0.0575451 0.604155 0.338299 0
20 0.0646962 0.555266 0.380037 0
20 0.0438045 0.665806 0.290389 0
20 0.0696844 0.595387 0.334928 0
20 0.0637881 0.603144 0.333068 0
20 0.0537185 0.654287 0.291995 0
20 0.0496554 0.670814 0.279531 0
20 0.0549587 0.591175 0.353866 0
20 0.0519633 0.662786 0.285251 0
20 0.101506 0.482715 0.415779 0
20 0.0901711 0.547738 0.362091 0
20 0.068111 0.55026 0.381629 0
20 0.058805 0.626188 0.287879 0.0271273
20 0.0371468 0.678071 0.284782 0
20 0.0684602 0.56572 0.36582 0
20 0.0542917 0.571712 0.373996 0
20 0.130947 0.410408 0.458646 0
20 0.0805594 0.5387 0.380741 0
20 0.0996806 0.53978 0.360539 0
20 0.0415556 0.608477 0.349967 0
20 0.037606 0.656 0.306394 0
20 0.0563634 0.581716 0.36192 0
20 0.0668024 0.483328 0.328686 0.121184
20 0.0477352 0.647837 0.304428 0
20 0.0599455 0.573275 0.36678 0
20 0.0784891 0.553249 0.368261 0
20 0.0869072 0.511751 0.401342 0
20 0.0887402 0.56579 0.332651 0.0128188
20 0.0438189 0.685454 0.270727 0
20 0.0657629 0.5719 0.362337 0
20 0.0775181 0.52048 0.402002 0
20 0.0519197 0.601241 0.34684 0
20 0.0445385 0.650882 0.304579 0
20 0.0556875 0.64273 0.301582 0
20 0.0887212 0.455854 0.455425 0
20 0.0544283 0.580139 0.365433 0
20 0.100637 0.495576 0.379937 0.0238497
20 0.0999217 0.563465 0.336613 0
20 0.0644373 0.509868 0.425695 0
20 0.0534565 0.58772 0.358824 0
20 0.0623201 0.551419 0.386261 0
20 0.0718282 0.596475 0.331697 0
20 0.0606712 0.600318 0.339011 0
20 0.0400846 0.625784 0.334131 0
20 0.0428154 0.690953 0.266232 0
20 0.0788982 0.660311 0.260791 0
20 0.0846802 0.531337 0.383983 0
20 0.0652628 0.600927 0.33381 0
20 0.0760763 0.634736 0.289188 0
20 0.0511833 0.621774 0.327043 0
20 0.0508277 0.620448 0.328724 0
20 0.102842 0.429495 0.467663 0
20 0.0608067 0.570657 0.368537 0
20 0.0716281 0.620623 0.307749 0
20 0.0567792 0.52923 0.413991 0
20 0.06739 0.474998 0.423048 0.034564
20 0.0723021 0.57013 0.331516 0.0260512
20 0.051253 0.604998 0.343749 0
20 0.0966908 0.60208 0.30123 0
20 0.0867471 0.505775 0.403251 0.0042273
20 0.0679463 0.621005 0.311049 0
20 0.119201 0.457927 0.422873 0
20 0.0575307 0.578258 0.364212 0
20 0.0413097 0.70806 0.25063 0
