20 0.166335 0.372761 0.460904 0
20 0.153169 0.408955 0.437876 0
20 0.139249 0.361272 0.499479 0
20 0.188525 0.263647 0.547828 0
20 0.144845 0.407151 0.448003 0
20 0.205018 0.197114 0.597869 0
20 0.127712 0.262674 0.431667 0.177948
20 0.149153 0.344571 0.506276 0
20 0.125657 0.290877 0.583465 0
20 0.177849 0.373345 0.448806 0
20 0.153479 0.404321 0.442199 0
20 0.136599 0.3546 0.508801 0
20 0.15792 0.383384 0.458695 0
20 0.301057 0.203166 0.495777 0
20 0.116119 0.3517 0.532182 0
20 0.148853 0.317915 0.533231 0
20 0.114303 0.325873 0.554579 0.00524472
20 0.116962 0.426922 0.456116 0
20 0.106791 0.416117 0.477091 0
20 0.182792 0.464003 0.353205 0
20 0.187564 0.302625 0.509811 0
20 0.141999 0.393389 0.464613 0
20 0.191992 0.327066 0.480942 0
20 0.10449 0.367375 0.528134 0
20 0.0983468 0.322515 0.579138 0
20 0.108648 0.342533 0.548819 0
20 0.199565 0.414304 0.386132 0
20 0.167152 0.384961 0.447887 0
20 0.197251 0.478671 0.324078 0
20 0.126366 0.476889 0.396745 0
20 0.12306 0.376304 0.500637 0
20 0.145426 0.314053 0.54052 0
20 0.139872 0.416033 0.444095 0
20 0.18607 0.290621 0.523309 0
20 0.110091 0.434997 0.454912 0
20 0.176604 0.338808 0.484588 0
20 0.170843 0.298186 0.530971 0
20 0.19035 0.40932 0.40033 0
20 0.100239 0.400722 0.499039 0
20 0.166628 0.410013 0.423359 0
20 0.180976 0.30616 0.512865 0
20 0.228215 0.3162 0.455585 0
20 0.152383 0.316315 0.531302 0
20 0.359935 0.31202 0.328046 0
20 0.132238 0.31742 0.550342 0
20 0.167895 0.193421 0.638684 0
20 0.130993 0.386962 0.482045 0
20 0.154156 0.346912 0.498932 0
20 0.134649 0.352409 0.512942 0
20 0.138207 0.35926 0.502533 0
20 0.127412 0.38859 0.483998 0
20 0.270102 0.278432 0.451467 0
20 0.206983 0.187613 0.605404 0
20 0.154035 0.291125 0.55484 0
20 0.274302 0.2399 0.485798 0
20 0.15173 0.374073 0.474197 0
20 0.0870341 0.451128 0.461838 0
20 0.157764 0.301964 0.540272 0
20 0.122385 0.357592 0.520023 0
20 0.196955 0.354524 0.448521 0
20 0.186859 0.364911 0.44823 0
20 0.114153 0.355877 0.52997 0
20 0.162311 0.320401 0.517288 0
20 0.122754 0.362 0.515246 0
20 0.132634 0.349136 0.51823 0
20 0.13182 0.372235 0.495945 0
20 0.243327 0.36997 0.386703 0
20 0.119188 0.455018 0.425794 0
20 0.0940874 0.389375 0.516538 0
20 0.145716 0.353009 0.501275 0
20 0.29923 0.244632 0.456137 0
20 0.191284 0.375051 0.433665 0
20 0.102994 0.299219 0.548285 0.0495025
20 0.127751 0.341127 0.531121 0
20 0.117991 0.428325 0.453684 0
20 0.110885 0.486865 0.40225 0
20 0.15437 0.275138 0.570493 0
20 0.082268 0.389532 0.476604 0.0515953
20 0.231607 0.343838 0.424554 0
20 0.141747 0.397963 0.460289 0
20 0.343369 0.329575 0.327056 0
20 0.177797 0.312942 0.509261 0
20 0.153393 0.373792 0.472815 0
20 0.178613 0.274654 0.546732 0
20 0.0939285 0.491234 0.414837 0
20 0.111158 0.371362 0.51748 0
20 0.149424 0.351749 0.498827 0
20 0.322994 0.301632 0.375374 0
20 0.140004 0.362831 0.497165 0
20 0.240362 0.269834 0.489804 0
20 0.207034 0.331153 0.461813 0
20 0.154218 0.39379 0.451993 0
20 0.156432 0.388144 0.455424 0
20 0.138331 0.35681 0.50486 0
20 0.122103 0.257281 0.620616 0
20 0.132547 0.344786 0.522667 0
20 0.111227 0.268599 0.620174 0
20 0.177038 0.326228 0.496735 0
20 0.235796 0.331392 0.432812 0
20 0.11644 0.449867 0.433692 0
