25 0.108016 0.478899 0.413085 0
25 0.0759469 0.566166 0.357887 0
25 0.121371 0.432689 0.445939 0
25 0.074149 0.56202 0.363831 0
25 0.108302 0.482079 0.409619 0
25 0.200746 0.303613 0.495641 0
25 0.192941 0.31413 0.492928 0
25 0.0980793 0.486809 0.415112 0
25 0.116964 0.524728 0.358308 0
25 0.106064 0.420321 0.473615 0
25 0.0674282 0.604416 0.328156 0
25 0.184119 0.307111 0.508769 0
25 0.132151 0.458421 0.409428 0
25 0.173592 0.403759 0.422649 0
25 0.132432 0.459592 0.407976 0
25 0.130245 0.393257 0.476498 0
25 0.101473 0.508155 0.390372 0
25 0.299517 0.164818 0.535665 0
25 0.0886608 0.432601 0.478738 0
25 0.154482 0.423132 0.422386 0
25 0.0874678 0.507076 0.405456 0
25 0.166442 0.377916 0.455642 0
25 0.103383 0.550125 0.346492 0
25 0.128196 0.440915 0.430889 0
25 0.11083 0.428028 0.461142 0
25 0.0746425 0.47804 0.417635 0.0296825
25 0.116599 0.477111 0.406289 0
25 0.102982 0.535595 0.361423 0
25 0.118001 0.428208 0.453791 0
25 0.131692 0.480023 0.388285 0
25 0.0851016 0.528844 0.386055 0
25 0.184977 0.379017 0.436006 0
25 0.159458 0.392428 0.448114 0
25 0.0901603 0.454279 0.45556 0
25 0.134188 0.40359 0.462222 0
25 0.089899 0.488897 0.421204 0
25 0.110791 0.479356 0.409853 0
25 0.116479 0.438411 0.44511 0
25 0.126989 0.306154 0.566857 0
25 0.0706856 0.582773 0.346542 0
25 0.132314 0.433916 0.433771 0
25 0.0730789 0.559887 0.367034 0
25 0.115375 0.399996 0.412999 0.0716298
25 0.116449 0.478225 0.405326 0
25 0.123284 0.501575 0.375141 0
25 0.143061 0.366436 0.490504 0
25 0.0496764 0.671127 0.279197 0
25 0.113924 0.524596 0.36148 0
25 0.17177 0.48363 0.3446 0
25 0.0842658 0.549397 0.366337 0
25 0.291591 0.288816 0.419593 0
25 0.0668508 0.589112 0.344037 0
25 0.095912 0.570911 0.333177 0
25 0.12079 0.489164 0.390046 0
25 0.0946872 0.490518 0.414795 0
25 0.12457 0.482719 0.392711 0
25 0.0833058 0.566983 0.349711 0
25 0.0865535 0.549742 0.363705 0
25 0.144797 0.399822 0.455381 0
25 0.107069 0.567907 0.325025 0
25 0.0946547 0.444016 0.46133 0
25 0.0986686 0.507837 0.393494 0
25 0.106907 0.511836 0.381258 0
25 0.214742 0.227037 0.55822 0
25 0.0893987 0.490049 0.420552 0
25 0.0843316 0.527824 0.387845 0
25 0.102418 0.402589 0.494993 0
25 0.183534 0.351594 0.464871 0
25 0.120907 0.458853 0.420241 0
25 0.124822 0.511438 0.36374 0
25 0.11054 0.434853 0.454607 0
25 0.0941777 0.489475 0.416348 0
25 0.0850018 0.519836 0.395162 0
25 0.0615461 0.540179 0.398274 0
25 0.0920037 0.499283 0.408713 0
25 0.093196 0.514299 0.392505 0
25 0.0939639 0.50025 0.405786 0
25 0.0961552 0.438809 0.465036 0
25 0.129223 0.466745 0.404033 0
25 0.0791419 0.56651 0.354348 0
25 0.119068 0.471345 0.409587 0
25 0.0644001 0.580169 0.308689 0.0467418
25 0.0723466 0.535987 0.391667 0
25 0.152854 0.413522 0.433624 0
25 0.103331 0.546918 0.349751 0
25 0.105616 0.478023 0.416361 0
25 0.0612632 0.573272 0.365465 0
25 0.1765 0.290951 0.532549 0
25 0.157193 0.325771 0.460916 0.0561202
25 0.0983115 0.5014 0.400289 0
25 0.101932 0.582575 0.315493 0
25 0.095864 0.60496 0.289294 0.00988195
25 0.143442 0.472218 0.374598 0.00974119
25 0.114036 0.533714 0.352249 0
25 0.102829 0.355085 0.542087 0
25 0.0730918 0.512627 0.414281 0
25 0.135178 0.423402 0.39926 0.04216
25 0.115252 0.4935 0.391248 0
25 0.10125 0.511902 0.386848 0
25 0.0816137 0.587729 0.330658 0
