20 0.255232 0.458476 0.286291 0
20 0.246208 0.435495 0.318297 0
20 0.182202 0.603155 0.214643 0
20 0.235711 0.457771 0.306519 0
20 0.288814 0.392243 0.318943 0
20 0.184514 0.553105 0.262381 0
20 0.190738 0.557254 0.252008 0
20 0.220292 0.486756 0.292952 0
20 0.225496 0.439853 0.334651 0
20 0.234891 0.458278 0.306831 0
20 0.301052 0.378827 0.320121 0
20 0.459097 0.174006 0.366898 0
20 0.218287 0.504356 0.277358 0
20 0.187438 0.562877 0.249685 0
20 0.204761 0.4831 0.31214 0
20 0.264463 0.447281 0.288256 0
20 0.232659 0.457774 0.309568 0
20 0.157259 0.603703 0.239039 0
20 0.184871 0.597734 0.217395 0
20 0.17161 0.585918 0.242472 0
20 0.226568 0.475478 0.297954 0
20 0.292026 0.34103 0.366944 0
20 0.210338 0.522904 0.266758 0
20 0.289119 0.399273 0.311608 0
20 0.180414 0.565213 0.254373 0
20 0.247669 0.430278 0.322054 0
20 0.216286 0.548027 0.235687 0
20 0.279664 0.419241 0.301096 0
20 0.253339 0.474048 0.272613 0
20 0.223628 0.477179 0.299193 0
20 0.213993 0.4917 0.294307 0
20 0.236551 0.478289 0.270355 0.0148042
20 0.230595 0.488914 0.280492 0
20 0.233248 0.480209 0.286542 0
20 0.245154 0.410329 0.344517 0
20 0.225811 0.454443 0.319745 0
20 0.282616 0.410773 0.306611 0
20 0.169897 0.560521 0.269582 0
20 0.197334 0.544965 0.257701 0
20 0.222665 0.478873 0.298462 0
20 0.204284 0.508629 0.287086 0
20 0.236655 0.478405 0.284939 0
20 0.221029 0.511432 0.267539 0
20 0.178733 0.581481 0.239786 0
20 0.223005 0.498476 0.269364 0.00915405
20 0.235813 0.444012 0.320175 0
20 0.221592 0.502697 0.275711 0
20 0.216315 0.499365 0.28432 0
20 0.197419 0.550863 0.251717 0
20 0.205174 0.534239 0.260588 0
20 0.213526 0.505218 0.281255 0
20 0.259585 0.425371 0.315044 0
20 0.210241 0.481865 0.307894 0
20 0.245283 0.40201 0.352707 0
20 0.371484 0.269069 0.359447 0
20 0.163196 0.583834 0.23785 0.0151194
20 0.206208 0.504853 0.288938 0
20 0.220094 0.501846 0.27806 0
20 0.204177 0.53249 0.263333 0
20 0.234721 0.458111 0.300043 0.00712438
20 0.172678 0.595528 0.231795 0
20 0.246727 0.472034 0.281239 0
20 0.275238 0.412877 0.311885 0
20 0.240886 0.472646 0.286468 0
20 0.209675 0.50206 0.280184 0.00808127
20 0.187279 0.571996 0.240725 0
20 0.172926 0.575389 0.251685 0
20 0.22629 0.46858 0.292555 0.012575
20 0.214218 0.518007 0.267775 0
20 0.222231 0.480064 0.297705 0
20 0.203825 0.542768 0.253407 0
20 0.307163 0.369443 0.323394 0
20 0.228956 0.4955 0.275544 0
20 0.194964 0.529812 0.242826 0.0323979
20 0.279082 0.4232 0.297718 0
20 0.326422 0.353768 0.31981 0
20 0.207725 0.505849 0.286425 0
20 0.230678 0.451456 0.317866 0
20 0.325424 0.382988 0.28797 0.00361851
20 0.186667 0.530762 0.282571 0
20 0.218017 0.500178 0.281805 0
20 0.209874 0.481023 0.309104 0
20 0.183806 0.591281 0.224913 0
20 0.234056 0.520243 0.245701 0
20 0.183222 0.551909 0.26487 0
20 0.18301 0.570802 0.232574 0.0136137
20 0.1766 0.586093 0.237307 0
20 0.22393 0.514842 0.261228 0
20 0.200798 0.522352 0.27685 0
20 0.16396 0.585504 0.250537 0
20 0.199256 0.556002 0.244742 0
20 0.260236 0.421023 0.318741 0
20 0.227635 0.505409 0.266957 0
20 0.263359 0.442815 0.293825 0
20 0.225286 0.470478 0.304236 0
20 0.241269 0.451722 0.307009 0
20 0.187737 0.559028 0.253235 0
20 0.222319 0.481228 0.296453 0
20 0.167728 0.601635 0.230637 0
20 0.221942 0.471965 0.306093 0
