20 0.0074322 0.600913 0.391655 0
20 0.00676857 0.65139 0.341841 0
20 0.030494 0.584962 0.384544 0
20 0.0185719 0.640564 0.340864 0
20 0.0173241 0.634885 0.347791 0
20 0.00514577 0.652667 0.342187 0
20 0.0109301 0.658179 0.33089 0
20 0.0322445 0.49294 0.474815 0
20 0.00629791 0.715719 0.277983 0
20 0.0114114 0.534293 0.454296 0
20 0.0337496 0.574766 0.391485 0
20 0.0771497 0.546979 0.375871 0
20 0.0445428 0.467971 0.487486 0
20 0.0106644 0.5279 0.461435 0
20 0.00639716 0.645787 0.347816 0
20 0.028182 0.683151 0.288667 0
20 0.0274186 0.520367 0.452214 0
20 0.00552039 0.664628 0.329852 0
20 0.00930229 0.59097 0.399728 0
20 0.019559 0.467539 0.512902 0
20 0.0212486 0.677533 0.301219 0
20 0.0344862 0.580274 0.378609 0.00663087
20 0.00543462 0.704285 0.290281 0
20 0.00406234 0.716405 0.279532 0
20 0.0127781 0.546084 0.441138 0
20 0.00584872 0.711473 0.26993 0.0127481
20 0.0176224 0.645039 0.337338 0
20 0.00496372 0.621297 0.373739 0
20 0.0074523 0.60898 0.383568 0
20 0.0145457 0.650982 0.334472 0
20 0.052897 0.365026 0.582077 0
20 0.0330519 0.558912 0.408036 0
20 0.00811439 0.690395 0.30149 0
20 0.0210262 0.556757 0.422216 0
20 0.0741789 0.435517 0.490305 0
20 0.0191069 0.598007 0.382886 0
20 0.00530199 0.596933 0.397765 0
20 0.00645851 0.696428 0.297114 0
20 0.0294904 0.555982 0.414528 0
20 0.0122293 0.637536 0.350234 0
20 0.0150209 0.688708 0.296272 0
20 0.00940555 0.580665 0.409929 0
20 0.0330948 0.574952 0.391953 0
20 0.00437036 0.713867 0.281762 0
20 0.00776242 0.665149 0.327089 0
20 0.00851357 0.595421 0.396065 0
20 0.0212571 0.590909 0.387834 0
20 0.0352351 0.63099 0.333775 0
20 0.0278661 0.587381 0.384753 0
20 0.00438404 0.664719 0.330897 0
20 0.00498689 0.471182 0.404908 0.118923
20 0.0103762 0.579831 0.409793 0
20 0.0109956 0.589572 0.399433 0
20 0.00695388 0.697284 0.295762 0
20 0.0233866 0.603705 0.372908 0
20 0.0191921 0.547595 0.433213 0
20 0.00717968 0.58836 0.40446 0
20 0.00549753 0.693557 0.300945 0
20 0.00412276 0.711681 0.284196 0
20 0.0133066 0.636385 0.350308 0
20 0.00631001 0.634768 0.358922 0
20 0.00379003 0.687854 0.308356 0
20 0.00417816 0.696226 0.299596 0
20 0.00394167 0.709669 0.286389 0
20 0.00815696 0.642121 0.349722 0
20 0.0157589 0.652937 0.331304 0
20 0.0115807 0.641819 0.3466 0
20 0.00571293 0.667172 0.291751 0.0353645
20 0.0109768 0.70131 0.287713 0
20 0.0795288 0.501849 0.418622 0
20 0.0640876 0.558362 0.37755 0
20 0.0517931 0.606255 0.341952 0
20 0.0398361 0.582542 0.377621 0
20 0.0114368 0.649053 0.339511 0
20 0.00648002 0.598363 0.395157 0
20 0.00527695 0.637325 0.357399 0
20 0.0299641 0.708431 0.261605 0
20 0.0142429 0.65108 0.334677 0
20 0.00662237 0.623956 0.369421 0
20 0.00899172 0.641943 0.349065 0
20 0.0132401 0.681983 0.304777 0
20 0.0194891 0.586821 0.39369 0
20 0.0104583 0.638333 0.351209 0
20 0.0214219 0.517399 0.461179 0
20 0.0136264 0.65708 0.329293 0
20 0.0380835 0.660081 0.301835 0
20 0.00477024 0.542023 0.421735 0.0314714
20 0.0037554 0.692994 0.295396 0.00785498
20 0.00503871 0.56972 0.425241 0
20 0.00647998 0.738811 0.254709 0
20 0.0739601 0.430299 0.495337 0.000404153
20 0.0100233 0.631186 0.35879 0
20 0.00995008 0.617222 0.372828 0
20 0.0676362 0.556634 0.375729 0
20 0.00643546 0.64682 0.346745 0
20 0.0113317 0.661034 0.299737 0.0278973
20 0.0362737 0.587865 0.375861 0
20 0.00445807 0.64559 0.349952 0
20 0.0326761 0.623179 0.316266 0.0278781
20 0.00682463 0.720484 0.272691 0
