5 0.0026989 0.774482 0.222819 0
5 0.00309292 0.786988 0.209919 0
5 0.00633362 0.771905 0.221762 0
5 0.0024364 0.78357 0.213994 0
5 0.00198661 0.780061 0.212153 0.00579899
5 0.00194942 0.793503 0.204548 0
5 0.00279032 0.813309 0.183901 0
5 0.00373696 0.761432 0.234831 0
5 0.00294838 0.774528 0.222524 0
5 0.00257614 0.795366 0.202057 0
5 0.00339832 0.778558 0.218043 0
5 0.00242403 0.806692 0.190884 0
5 0.00185387 0.844127 0.154019 0
5 0.00332485 0.73314 0.263535 0
5 0.00640261 0.780786 0.212811 0
5 0.00273161 0.781218 0.21605 0
5 0.00177153 0.830821 0.167408 0
5 0.00252276 0.747613 0.249865 0
5 0.00272769 0.753915 0.243357 0
5 0.00229352 0.825574 0.172133 0
5 0.00214671 0.783873 0.21398 0
5 0.00977162 0.785639 0.204589 0
5 0.00177691 0.788689 0.209534 0
5 0.0103671 0.767673 0.221959 0
5 0.00231374 0.80585 0.191836 0
5 0.00169655 0.816438 0.181865 0
5 0.00105665 0.785161 0.213783 0
5 0.00150828 0.798738 0.199753 0
5 0.00133512 0.795743 0.202922 0
5 0.00237364 0.828209 0.169417 0
5 0.0024771 0.785574 0.211949 0
5 0.00240882 0.830845 0.166746 0
5 0.00167792 0.841256 0.157066 0
5 0.00247818 0.774505 0.223016 0
5 0.0023769 0.773541 0.212928 0.0111544
5 0.00187695 0.789145 0.208978 0
5 0.00224729 0.739067 0.242865 0.015821
5 0.00147823 0.80244 0.196081 0
5 0.00303808 0.729022 0.26794 0
5 0.00192069 0.797301 0.197597 0.00318124
5 0.00352876 0.7536 0.242871 0
5 0.0021987 0.797303 0.200498 0
5 0.00300194 0.754933 0.242065 0
5 0.00447331 0.763219 0.232308 0
5 0.00242442 0.770883 0.214245 0.0124481
5 0.00306407 0.775033 0.221903 0
5 0.00433083 0.816175 0.179494 0
5 0.00238232 0.781096 0.216521 0
5 0.00175748 0.79966 0.198583 0
5 0.00282933 0.75486 0.24231 0
5 0.00284861 0.772135 0.225017 0
5 0.00449726 0.767353 0.228149 0
5 0.00318642 0.758379 0.207505 0.0309293
5 0.00257044 0.76144 0.235989 0
5 0.00211833 0.778681 0.219201 0
5 0.00287219 0.764675 0.226646 0.00580717
5 0.00283563 0.786966 0.210199 0
5 0.00242255 0.800815 0.196762 0
5 0.00202645 0.822363 0.175611 0
5 0.00282573 0.78513 0.212044 0
5 0.0063997 0.745264 0.248336 0
5 0.0025333 0.788336 0.209131 0
5 0.00268072 0.804849 0.19247 0
5 0.0110299 0.812066 0.176904 0
5 0.00232087 0.789838 0.207841 0
5 0.00208578 0.810649 0.187265 0
5 0.00186653 0.798933 0.199201 0
5 0.00381081 0.78827 0.207919 0
5 0.00241657 0.762343 0.23524 0
5 0.00251096 0.780613 0.216876 0
5 0.00127001 0.790326 0.208404 0
5 0.002272 0.79437 0.203358 0
5 0.00309358 0.778912 0.217994 0
5 0.00231953 0.810799 0.186881 0
5 0.00420165 0.74691 0.2457 0.00318824
5 0.00173382 0.809879 0.188387 0
5 0.00294322 0.785824 0.211233 0
5 0.00231905 0.731084 0.266597 0
5 0.00246746 0.77858 0.206549 0.012404
5 0.00221748 0.785186 0.212597 0
5 0.00177756 0.830924 0.167298 0
5 0.00279483 0.767727 0.229478 0
5 0.0030577 0.779243 0.2177 0
5 0.00218524 0.832672 0.165143 0
5 0.00211665 0.769972 0.227911 0
5 0.00243227 0.766213 0.231355 0
5 0.00200656 0.782588 0.215405 0
5 0.00327033 0.797851 0.198878 0
5 0.00245598 0.796118 0.191 0.0104255
5 0.00235085 0.793869 0.20378 0
5 0.00182282 0.811481 0.186696 0
5 0.00287331 0.756732 0.240395 0
5 0.00465191 0.745369 0.249979 0
5 0.0025061 0.801321 0.196173 0
5 0.00289271 0.787689 0.209419 0
5 0.00210092 0.81373 0.184169 0
5 0.00305009 0.741213 0.255737 0
5 0.00146499 0.770396 0.228139 0
5 0.00133568 0.797714 0.20095 0
5 0.00220442 0.791806 0.205989 0
