30 0.185742 0.330539 0.483718 0
30 0.141907 0.454046 0.404047 0
30 0.183773 0.365318 0.450908 0
30 0.166569 0.346226 0.487205 0
30 0.204519 0.336909 0.458572 0
30 0.30254 0.149594 0.547866 0
30 0.165988 0.403141 0.430871 0
30 0.256811 0.304655 0.433507 0.00502728
30 0.134355 0.436204 0.429441 0
30 0.110577 0.475694 0.413729 0
30 0.209792 0.239404 0.550804 0
30 0.24525 0.231185 0.523565 0
30 0.212247 0.25586 0.531893 0
30 0.231593 0.224234 0.437791 0.106381
30 0.219974 0.211782 0.568244 0
30 0.188881 0.294331 0.516787 0
30 0.113949 0.477686 0.408365 0
30 0.232813 0.294646 0.472541 0
30 0.177877 0.39321 0.428913 0
30 0.156071 0.421486 0.422443 0
30 0.258078 0.209564 0.532359 0
30 0.230493 0.301894 0.467613 0
30 0.262211 0.151594 0.586195 0
30 0.313025 0.218805 0.468171 0
30 0.187208 0.373507 0.439285 0
30 0.0772705 0.605089 0.317641 0
30 0.164757 0.428152 0.407091 0
30 0.152841 0.461971 0.385188 0
30 0.118895 0.47532 0.405785 0
30 0.291159 0.217493 0.491348 0
30 0.296004 0.183973 0.520023 0
30 0.109287 0.522491 0.368222 0
30 0.130981 0.570152 0.298866 0
30 0.224621 0.261853 0.513526 0
30 0.197388 0.284797 0.517815 0
30 0.190455 0.347214 0.46233 0
30 0.154603 0.451787 0.39361 0
30 0.185481 0.24079 0.57373 0
30 0.157516 0.423402 0.419082 0
30 0.219504 0.188232 0.592265 0
30 0.226064 0.335389 0.438547 0
30 0.251943 0.102089 0.645968 0
30 0.185756 0.352442 0.461801 0
30 0.194022 0.323181 0.482798 0
30 0.224138 0.261758 0.514104 0
30 0.273231 0.265713 0.461057 0
30 0.164847 0.445693 0.38946 0
30 0.294699 0.233141 0.472159 0
30 0.123582 0.482692 0.393725 0
30 0.190075 0.378955 0.43097 0
30 0.242942 0.224746 0.500396 0.0319165
30 0.231717 0.292447 0.475837 0
30 0.262427 0.141599 0.595974 0
30 0.18409 0.431828 0.384082 0
30 0.181244 0.25598 0.562775 0
30 0.223403 0.310069 0.466529 0
30 0.185513 0.39738 0.417108 0
30 0.193029 0.348209 0.458762 0
30 0.159449 0.308541 0.532009 0
30 0.103043 0.535885 0.361072 0
30 0.185986 0.36141 0.452604 0
30 0.124959 0.49704 0.378001 0
30 0.172505 0.37215 0.455346 0
30 0.143409 0.420715 0.435877 0
30 0.19712 0.304412 0.498468 0
30 0.228422 0.216681 0.554897 0
30 0.189768 0.243211 0.567021 0
30 0.201159 0.296267 0.502574 0
30 0.184423 0.353042 0.462535 0
30 0.195322 0.435791 0.368887 0
30 0.20401 0.351384 0.444606 0
30 0.205475 0.292032 0.502493 0
30 0.0877647 0.530245 0.38199 0
30 0.232607 0.188436 0.578957 0
30 0.337028 0.215699 0.447274 0
30 0.187626 0.279252 0.533123 0
30 0.132329 0.500398 0.367273 0
30 0.19108 0.48363 0.325289 0
30 0.213899 0.315807 0.470294 0
30 0.224121 0.295613 0.480265 0
30 0.187528 0.314904 0.497568 0
30 0.324103 0.189919 0.485978 0
30 0.215621 0.207722 0.576657 0
30 0.19081 0.262948 0.546242 0
30 0.150594 0.41275 0.436655 0
30 0.202642 0.355221 0.442137 0
30 0.239009 0.285509 0.475482 0
30 0.115341 0.502521 0.382137 0
30 0.282323 0.29185 0.425827 0
30 0.0964508 0.496364 0.407185 0
30 0.313651 0.182659 0.503691 0
30 0.180059 0.349352 0.470589 0
30 0.192555 0.364626 0.442819 0
30 0.185667 0.261485 0.552848 0
30 0.119098 0.528108 0.352793 0
30 0.200557 0.2956 0.503843 0
30 0.247118 0.220653 0.532229 0
30 0.186128 0.263556 0.550316 0
30 0.280714 0.225423 0.493863 0
30 0.273625 0.127874 0.5985 0
