30 0.24173 0.30639 0.451879 0
30 0.0360227 0.256895 0.707082 0
30 0.0197422 0.405052 0.575206 0
30 0.0420445 0.414272 0.543684 0
30 0.0696487 0.428557 0.501794 0
30 0.155925 0.293355 0.550719 0
30 0.106865 0.306167 0.586968 0
30 0.136678 0.163718 0.699604 0
30 0.127099 0.358598 0.514303 0
30 0.109048 0.347494 0.543458 0
30 0.178007 0.36833 0.453663 0
30 0.166896 0.386004 0.447101 0
30 0.136807 0.23679 0.626403 0
30 0.0384814 0.446164 0.515354 0
30 0.0499071 0.27679 0.673303 0
30 0.0899543 0.484633 0.425413 0
30 0.0689873 0.415938 0.515075 0
30 0.0967986 0.397791 0.505411 0
30 0.198305 0.213765 0.58793 0
30 0.0557166 0.298155 0.566429 0.0796996
30 0.0504984 0.424837 0.524665 0
30 0.0479986 0.388227 0.563775 0
30 0.0204916 0.222347 0.5851 0.172061
30 0.0756544 0.244321 0.680025 0
30 0.0342668 0.368795 0.596939 0
30 0.104942 0.383064 0.511994 0
30 0.0766069 0.628427 0.294967 0
30 0.218405 0.249339 0.532257 0
30 0.0255922 0.509348 0.46506 0
30 0.0334276 0.328202 0.638371 0
30 0.0569598 0.440984 0.502056 0
30 0.123012 0.37618 0.500808 0
30 0.0250536 0.419007 0.555939 0
30 0.0333055 0.528372 0.438323 0
30 0.067765 0.355721 0.576514 0
30 0.0253596 0.383364 0.591276 0
30 0.0692975 0.437756 0.492947 0
30 0.035093 0.398184 0.566723 0
30 0.155709 0.160478 0.683813 0
30 0.169698 0.102691 0.727611 0
30 0.0114223 0.479894 0.508684 0
30 0.0364562 0.439114 0.52443 0
30 0.0638387 0.373634 0.562528 0
30 0.109178 0.308616 0.582206 0
30 0.0655516 0.492477 0.441971 0
30 0.162556 0.43015 0.407294 0
30 0.148493 0.341541 0.509966 0
30 0.141709 0.328581 0.529711 0
30 0.063889 0.407964 0.528147 0
30 0.093971 0.389468 0.516561 0
30 0.0254576 0.298675 0.675867 0
30 0.021036 0.529148 0.449816 0
30 0.149097 0.308484 0.542419 0
30 0.0629347 0.410893 0.526172 0
30 0.024481 0.380069 0.59545 0
30 0.0918845 0.433325 0.474791 0
30 0.055188 0.444878 0.499934 0
30 0.123726 0.394082 0.482192 0
30 0.10084 0.329021 0.570139 0
30 0.0552611 0.299913 0.644826 0
30 0.0222511 0.493648 0.484101 0
30 0.0278425 0.429241 0.542917 0
30 0.0226205 0.483603 0.493776 0
30 0.0675217 0.266442 0.666036 0
30 0.0229125 0.500478 0.476609 0
30 0.0327912 0.521284 0.445924 0
30 0.0195901 0.458277 0.522133 0
30 0.123786 0.268788 0.607426 0
30 0.136634 0.374833 0.488533 0
30 0.0349179 0.451764 0.513318 0
30 0.184052 0.139578 0.67637 0
30 0.0965901 0.523214 0.380196 0
30 0.125994 0.118519 0.755488 0
30 0.0672453 0.359973 0.572782 0
30 0.0558731 0.509992 0.434135 0
30 0.0895022 0.393138 0.51736 0
30 0.0662455 0.355944 0.508176 0.069635
30 0.103777 0.197423 0.6988 0
30 0.0529124 0.465103 0.481985 0
30 0.0701567 0.364957 0.564886 0
30 0.125401 0.439831 0.434768 0
30 0.0767338 0.475623 0.447644 0
30 0.146318 0.321422 0.53226 0
30 0.0435858 0.378052 0.578362 0
30 0.034423 0.315948 0.649629 0
30 0.101069 0.33076 0.568171 0
30 0.0715601 0.368736 0.446138 0.113566
30 0.0279404 0.614679 0.35738 0
30 0.0714355 0.281101 0.647464 0
30 0.111261 0.39225 0.496489 0
30 0.0538177 0.441478 0.504704 0
30 0.197173 0.305146 0.497681 0
30 0.14594 0.387397 0.466663 0
30 0.0941396 0.36215 0.54371 0
30 0.184736 0.364413 0.450851 0
30 0.02876 0.429754 0.518433 0.0230534
30 0.114566 0.283698 0.601736 0
30 0.0960447 0.307402 0.596553 0
30 0.0818967 0.263356 0.654748 0
30 0.0182543 0.559804 0.421941 0
