25 0.150351 0.0859319 0.750621 0.0130963
25 0.11289 0.116676 0.768643 0.00179123
25 0.130626 0.0837583 0.72983 0.055786
25 0.130886 0.150059 0.592136 0.12692
25 0.131744 0.196448 0.65718 0.0146278
25 0.206969 0.0790369 0.600117 0.113877
25 0.144959 0.0818157 0.769469 0.00375561
25 0.140566 0.0319657 0.78972 0.0377482
25 0.120234 0.18642 0.668426 0.0249208
25 0.147926 0 0.821207 0.0308676
25 0.153315 0.15006 0.696384 0.000240206
25 0.113444 0.11965 0.766906 0
25 0.136838 0.13847 0.721074 0.00361808
25 0.272128 0.00107186 0.719586 0.00721441
25 0.180833 0.068352 0.689139 0.0616753
25 0.179556 0.0514358 0.740661 0.0283472
25 0.167866 0.172993 0.62203 0.0371114
25 0.144684 0.0419438 0.783718 0.0296548
25 0.159188 0.0372212 0.762849 0.0407418
25 0.170396 0.0298573 0.715731 0.0840159
25 0.140489 0.119387 0.646961 0.0931636
25 0.0878118 0.293338 0.568707 0.0501438
25 0.131678 0.148689 0.618149 0.101484
25 0.119817 0.145661 0.675182 0.059341
25 0.130896 0.0589853 0.725037 0.0850812
25 0.277032 0.120247 0.593986 0.00873435
25 0.168071 0.0539465 0.77688 0.00110183
25 0.191764 0.000481651 0.756544 0.0512103
25 0.166016 0.0134129 0.810564 0.010007
25 0.166721 0.112023 0.639209 0.0820469
25 0.134384 0.113331 0.741535 0.0107493
25 0.166338 0.183753 0.57489 0.0750189
25 0.117032 0.156456 0.649224 0.0772874
25 0.145361 0.241095 0.602489 0.0110547
25 0.124006 0.0621986 0.660588 0.153208
25 0.100303 0.146323 0.721772 0.0316024
25 0.122333 0.126808 0.665707 0.0851511
25 0.138599 0.0288843 0.826118 0.00639843
25 0.191722 0.0980661 0.702538 0.00767358
25 0.151181 0.120114 0.728638 6.70767e-05
25 0.162208 0.0219297 0.794805 0.0210571
25 0.131845 0.033893 0.829867 0.0043956
25 0.160595 0.0898195 0.656555 0.0930303
25 0.203597 0.20995 0.57793 0.00852325
25 0.218818 0.0646434 0.657922 0.0586167
25 0.190699 0.0501188 0.652977 0.106205
25 0.153009 0.0447562 0.791017 0.0112173
25 0.110863 0.143432 0.735842 0.00986337
25 0.140093 0.125019 0.652303 0.0825846
25 0.103981 0.0437993 0.840235 0.0119848
25 0.110537 0.239638 0.591444 0.0583809
25 0.125344 0.0803335 0.78681 0.00751229
25 0.122975 0.272795 0.509666 0.0945636
25 0.168537 0.0433841 0.780858 0.00722062
25 0.146148 0.0625839 0.790812 0.000456376
25 0.180624 0.0434197 0.775957 0
25 0.123822 0.0307865 0.802275 0.0431167
25 0.122565 0.0797121 0.765506 0.0322177
25 0.144654 0.218421 0.61343 0.0234952
25 0.166872 0.112621 0.681049 0.0394588
25 0.16133 0.0987776 0.69414 0.045753
25 0.154835 0.0318699 0.784578 0.0287171
25 0.140728 0.0599441 0.770578 0.0287503
25 0.150994 0.0666037 0.687867 0.0945358
25 0.158106 0.060885 0.710831 0.0701783
25 0.106441 0.183625 0.709892 4.16579e-05
25 0.0970523 0.0999793 0.77871 0.0242587
25 0.135808 0.299644 0.524807 0.0397409
25 0.130748 0.181484 0.658095 0.0296724
25 0.130887 0.261866 0.400844 0.206403
25 0.122879 0.0829119 0.726527 0.0676817
25 0.142057 0.0281394 0.805701 0.0241028
25 0.135731 0.220034 0.639359 0.00487519
25 0.135676 0.156306 0.661322 0.0466956
25 0.143747 0.118158 0.654941 0.0831547
25 0.115357 0.0353197 0.803771 0.0455525
25 0.130092 0.120259 0.724343 0.0253062
25 0.146436 0.0964534 0.714934 0.0421765
25 0.110865 0.203454 0.6798 0.00588086
25 0.133329 0.14753 0.719142 0
25 0.106301 0.167213 0.676733 0.049753
25 0.149988 0.196372 0.537823 0.115817
25 0.119625 0.0441915 0.82289 0.0132939
25 0.122681 0.0652214 0.713923 0.0981745
25 0.127967 0.195664 0.665396 0.0109735
25 0.2009 0.0509839 0.650499 0.0976166
25 0.1703 0.0916739 0.71482 0.0232062
25 0.135723 0.0380837 0.80008 0.0261131
25 0.166184 0.13712 0.672151 0.0245454
25 0.156866 0.0874914 0.751758 0.00388393
25 0.180525 0.198913 0.618224 0.00233737
25 0.162814 0.115231 0.713609 0.00834677
25 0.140819 0.0452545 0.798991 0.0149362
25 0.154189 0.0957868 0.716685 0.0333397
25 0.210951 0.0448688 0.730468 0.013712
25 0.119365 0.141925 0.707187 0.0315224
25 0.19616 0.111797 0.573331 0.118712
25 0.18044 0.042225 0.739391 0.037944
25 0.131655 0.143317 0.648548 0.0764804
25 0.149921 0.124618 0.715453 0.0100074
