25 0.327695 0.369245 0.30306 0
25 0.303354 0.408708 0.287938 0
25 0.297567 0.422155 0.280278 0
25 0.298398 0.434693 0.266909 0
25 0.331402 0.325482 0.343115 0
25 0.336191 0.337696 0.326113 0
25 0.463827 0.194133 0.34204 0
25 0.496377 0.148429 0.355194 0
25 0.325107 0.380771 0.294123 0
25 0.274318 0.418642 0.30704 0
25 0.294151 0.372236 0.333612 0
25 0.388488 0.249331 0.362182 0
25 0.29496 0.42128 0.28376 0
25 0.379092 0.251499 0.36941 0
25 0.352652 0.292778 0.35457 0
25 0.355347 0.297058 0.347595 0
25 0.412972 0.201401 0.385627 0
25 0.299266 0.438532 0.260117 0.00208559
25 0.273053 0.447232 0.279714 0
25 0.300408 0.38803 0.311562 0
25 0.35887 0.340592 0.300538 0
25 0.323849 0.334478 0.341673 0
25 0.298972 0.38839 0.312637 0
25 0.281764 0.395644 0.322592 0
25 0.334551 0.297509 0.36794 0
25 0.371591 0.28441 0.343999 0
25 0.379247 0.262146 0.358606 0
25 0.313447 0.331647 0.354906 0
25 0.274528 0.364602 0.360871 0
25 0.293071 0.393908 0.313021 0
25 0.333761 0.345574 0.320665 0
25 0.221291 0.561515 0.217194 0
25 0.321539 0.335234 0.343228 0
25 0.404675 0.251481 0.343844 0
25 0.323066 0.32698 0.349954 0
25 0.300173 0.379968 0.319859 0
25 0.329429 0.352974 0.317598 0
25 0.337764 0.340623 0.321613 0
25 0.263849 0.502344 0.233807 0
25 0.367593 0.284359 0.348048 0
25 0.300274 0.424431 0.275294 0
25 0.306385 0.353762 0.32075 0.0191032
25 0.27704 0.400354 0.322606 0
25 0.311602 0.363764 0.324635 0
25 0.382844 0.251524 0.365632 0
25 0.259448 0.460608 0.279944 0
25 0.304422 0.356918 0.33866 0
25 0.29811 0.385049 0.31684 0
25 0.261837 0.425678 0.312484 0
25 0.317932 0.427792 0.254277 0
25 0.418451 0.20355 0.378 0
25 0.254041 0.46974 0.276219 0
25 0.307061 0.417467 0.275472 0
25 0.27845 0.42133 0.30022 0
25 0.286021 0.409364 0.304615 0
25 0.214135 0.52254 0.263326 0
25 0.301976 0.392486 0.305539 0
25 0.354904 0.293971 0.351126 0
25 0.302155 0.355193 0.342652 0
25 0.246163 0.467068 0.286769 0
25 0.280227 0.405219 0.314554 0
25 0.23893 0.480622 0.280449 0
25 0.339353 0.300441 0.360206 0
25 0.263341 0.450683 0.285977 0
25 0.376245 0.285846 0.337909 0
25 0.275155 0.426084 0.298761 0
25 0.337372 0.369594 0.293034 0
25 0.291116 0.403315 0.305568 0
25 0.423752 0.253033 0.323215 0
25 0.257335 0.437206 0.305459 0
25 0.290317 0.408881 0.300801 0
25 0.313614 0.392169 0.294217 0
25 0.241407 0.525808 0.232786 0
25 0.24937 0.454378 0.296251 0
25 0.35947 0.307097 0.333433 0
25 0.374592 0.236533 0.388875 0
25 0.334668 0.327235 0.338097 0
25 0.26974 0.424308 0.305952 0
25 0.288092 0.365272 0.346635 0
25 0.287129 0.440359 0.272512 0
25 0.300221 0.353215 0.346565 0
25 0.268446 0.442622 0.288931 0
25 0.282573 0.443739 0.273687 0
25 0.321401 0.365426 0.313173 0
25 0.32002 0.304977 0.357385 0.0176176
25 0.268361 0.425836 0.305802 0
25 0.317789 0.329889 0.352322 0
25 0.307765 0.392613 0.299622 0
25 0.250148 0.494041 0.255811 0
25 0.325827 0.355556 0.318617 0
25 0.33421 0.340631 0.325159 0
25 0.335426 0.335757 0.328817 0
25 0.412296 0.211014 0.376689 0
25 0.274125 0.421621 0.304254 0
25 0.265089 0.435011 0.2999 0
25 0.245086 0.467594 0.28732 0
25 0.390142 0.238973 0.370884 0
25 0.261412 0.435372 0.303216 0
25 0.321132 0.396382 0.282486 0
25 0.280354 0.429033 0.290613 0
