20 0.165325 0.538559 0.296116 0
20 0.145428 0.569733 0.28484 0
20 0.146181 0.550079 0.30374 0
20 0.158126 0.566058 0.275816 0
20 0.207304 0.464417 0.328279 0
20 0.186095 0.493853 0.320052 0
20 0.15414 0.560511 0.285349 0
20 0.255544 0.370542 0.373913 0
20 0.129033 0.600861 0.270106 0
20 0.20104 0.45218 0.34678 0
20 0.177736 0.523012 0.299253 0
20 0.148245 0.54863 0.303125 0
20 0.215003 0.473371 0.306877 0.00474897
20 0.167715 0.532978 0.299307 0
20 0.200402 0.458598 0.341 0
20 0.284902 0.354086 0.361012 0
20 0.277582 0.353341 0.369077 0
20 0.233366 0.415506 0.351128 0
20 0.146088 0.545142 0.30877 0
20 0.342295 0.182218 0.475487 0
20 0.159474 0.562902 0.277625 0
20 0.217595 0.434528 0.347878 0
20 0.187563 0.461626 0.350811 0
20 0.114874 0.627546 0.25758 0
20 0.160639 0.504788 0.311456 0.0231172
20 0.139693 0.563855 0.296452 0
20 0.201218 0.472533 0.326249 0
20 0.177323 0.523046 0.299631 0
20 0.114139 0.615586 0.257896 0.0123795
20 0.192158 0.515206 0.292635 0
20 0.183269 0.514383 0.302348 0
20 0.200797 0.456988 0.342215 0
20 0.157214 0.53087 0.311916 0
20 0.199376 0.487807 0.312817 0
20 0.134485 0.574039 0.291476 0
20 0.219926 0.468638 0.311435 0
20 0.181906 0.50345 0.314644 0
20 0.12965 0.593937 0.276413 0
20 0.174869 0.529554 0.295577 0
20 0.125805 0.614276 0.259919 0
20 0.158735 0.519678 0.308689 0.0128989
20 0.203689 0.420491 0.37582 0
20 0.158723 0.51965 0.321627 0
20 0.116377 0.627471 0.256152 0
20 0.170601 0.547174 0.282225 0
20 0.116166 0.653502 0.230331 0
20 0.181564 0.466361 0.352075 0
20 0.232424 0.380337 0.387238 0
20 0.187701 0.486899 0.3254 0
20 0.147728 0.583147 0.269124 0
20 0.181983 0.554656 0.255156 0.00820509
20 0.22606 0.415309 0.358631 0
20 0.182073 0.462243 0.355684 0
20 0.185417 0.461126 0.353457 0
20 0.212158 0.467642 0.3202 0
20 0.165018 0.539403 0.295579 0
20 0.225332 0.45213 0.322538 0
20 0.160428 0.525669 0.301583 0.0123202
20 0.13831 0.597586 0.264105 0
20 0.190605 0.47449 0.334905 0
20 0.168006 0.545475 0.286519 0
20 0.118428 0.658604 0.222968 0
20 0.224727 0.449 0.326273 0
20 0.184386 0.547814 0.267801 0
20 0.22929 0.466056 0.304654 0
20 0.117611 0.656079 0.22631 0
20 0.219801 0.420725 0.359474 0
20 0.163984 0.529949 0.306067 0
20 0.156476 0.588007 0.255517 0
20 0.160166 0.495444 0.34439 0
20 0.150933 0.585371 0.263696 0
20 0.163675 0.537553 0.298772 0
20 0.207762 0.497052 0.295186 0
20 0.205195 0.466947 0.327858 0
20 0.163353 0.568565 0.268082 0
20 0.176608 0.483972 0.33942 0
20 0.16585 0.554802 0.279348 0
20 0.156843 0.545843 0.297314 0
20 0.160706 0.561465 0.277829 0
20 0.189711 0.476678 0.333611 0
20 0.18212 0.462489 0.355391 0
20 0.153798 0.540695 0.305507 0
20 0.224297 0.435011 0.340692 0
20 0.179948 0.504647 0.315405 0
20 0.248103 0.41009 0.341808 0
20 0.229681 0.472401 0.297917 0
20 0.2213 0.443659 0.335041 0
20 0.141258 0.514888 0.343854 0
20 0.191904 0.474697 0.333399 0
20 0.195272 0.518423 0.286305 0
20 0.279576 0.354656 0.365768 0
20 0.183512 0.500756 0.315732 0
20 0.174397 0.508528 0.317075 0
20 0.168516 0.553407 0.278077 0
20 0.133343 0.56689 0.299767 0
20 0.178336 0.507293 0.314371 0
20 0.139869 0.577681 0.282451 0
20 0.147934 0.520203 0.316665 0.0151981
20 0.155605 0.489889 0.354506 0
20 0.188854 0.506163 0.304984 0
