30 0.116864 0.490109 0.393027 0
30 0.0194179 0.561882 0.4187 0
30 0.130049 0.418675 0.451276 0
30 0.060335 0.3907 0.487081 0.0618837
30 0.0698182 0.328433 0.601749 0
30 0.148689 0.300163 0.551149 0
30 0.0186033 0.60279 0.378607 0
30 0.131733 0.203082 0.665185 0
30 0.0691141 0.542966 0.38792 0
30 0.0272294 0.37486 0.53962 0.0582905
30 0.0516114 0.436328 0.512061 0
30 0.0205542 0.51253 0.466915 0
30 0.0253194 0.455128 0.519553 0
30 0.113783 0.318039 0.568177 0
30 0.0323205 0.550099 0.417581 0
30 0.108673 0.516677 0.37465 0
30 0.0414736 0.501924 0.456603 0
30 0.138702 0.353005 0.508294 0
30 0.013734 0.533086 0.45318 0
30 0.0308275 0.521931 0.447241 0
30 0.0480412 0.459956 0.492003 0
30 0.033423 0.49107 0.475506 0
30 0.0928972 0.298377 0.608726 0
30 0.0911796 0.505838 0.402983 0
30 0.0265289 0.21229 0.761181 0
30 0.183431 0.215696 0.600873 0
30 0.0437023 0.447838 0.50846 0
30 0.106087 0.398891 0.495022 0
30 0.148454 0.122842 0.728704 0
30 0.153673 0.267317 0.57901 0
30 0.0679887 0.374256 0.557755 0
30 0.0666199 0.470938 0.462442 0
30 0.0321448 0.526171 0.441685 0
30 0.111697 0.428941 0.459362 0
30 0.0646732 0.530885 0.404441 0
30 0.121292 0.142574 0.736134 0
30 0.0355601 0.656709 0.307731 0
30 0.159 0.269706 0.571295 0
30 0.107684 0.285376 0.60694 0
30 0.0952484 0.38931 0.515441 0
30 0.0549623 0.269151 0.563139 0.112747
30 0.0900035 0.340398 0.569599 0
30 0.0703405 0.477903 0.451756 0
30 0.151096 0.391845 0.457059 0
30 0.0527177 0.439358 0.507925 0
30 0.0957293 0.438262 0.466009 0
30 0.0231004 0.580094 0.396806 0
30 0.0859739 0.250548 0.663478 0
30 0.0815846 0.224261 0.694154 0
30 0.0220641 0.455029 0.522906 0
30 0.0692096 0.377442 0.553348 0
30 0.0352568 0.236122 0.728621 0
30 0.0293303 0.431096 0.539573 0
30 0.0483705 0.518605 0.433024 0
30 0.101731 0.422798 0.47547 0
30 0.0937651 0.270345 0.550074 0.0858152
30 0.183152 0.287499 0.529348 0
30 0.0291324 0.390408 0.580459 0
30 0.129898 0.329687 0.540415 0
30 0.0819264 0.476606 0.441468 0
30 0.0473966 0.520309 0.432294 0
30 0.053535 0.295814 0.650651 0
30 0.103451 0.305561 0.590988 0
30 0.0457494 0.490397 0.463854 0
30 0.0404802 0.392844 0.566676 0
30 0.0491746 0.435647 0.515179 0
30 0.0740382 0.386224 0.539738 0
30 0.042159 0.464213 0.493628 0
30 0.129262 0.445894 0.424844 0
30 0.0258188 0.558502 0.415679 0
30 0.0290454 0.351055 0.619899 0
30 0.0343257 0.264506 0.597091 0.104077
30 0.131764 0.368531 0.499705 0
30 0.0817698 0.232635 0.685595 0
30 0.0619907 0.43703 0.500979 0
30 0.0227429 0.551099 0.426158 0
30 0.02164 0.319297 0.659063 0
30 0.101472 0.332669 0.565859 0
30 0.121444 0.160468 0.718088 0
30 0.0134019 0.446572 0.540026 0
30 0.0442715 0.429035 0.526693 0
30 0.0822789 0.312861 0.60486 0
30 0.144851 0.344431 0.510718 0
30 0.229528 0.223353 0.547119 0
30 0.0871031 0.33027 0.582627 0
30 0.0227571 0.529946 0.447297 0
30 0.0226616 0.406178 0.571161 0
30 0.0423939 0.495588 0.462018 0
30 0.0223522 0.469894 0.507753 0
30 0.140621 0.456325 0.403053 0
30 0.0151426 0.43147 0.47035 0.0830377
30 0.0750552 0.380021 0.544923 0
30 0.0871579 0.426617 0.486225 0
30 0.0449302 0.376983 0.578086 0
30 0.0237362 0.466233 0.510031 0
30 0.0745405 0.304074 0.621386 0
30 0.0531939 0.464392 0.482415 0
30 0.0264555 0.357932 0.615613 0
30 0.0369858 0.515689 0.447325 0
30 0.0351091 0.314763 0.497561 0.152567
