10 0.052716 0.137082 0.802208 0.00799403
10 0.0628153 0.165545 0.762164 0.00947563
10 0.0439696 0.0908404 0.861654 0.00353556
10 0.0541073 0.0853564 0.85409 0.00644674
10 0.0400343 0.128909 0.828464 0.00259275
10 0.0442262 0.0663758 0.889294 0.000104122
10 0.0480772 0.0299449 0.918675 0.00330328
10 0.0263088 0.1876 0.777279 0.00881307
10 0.0464076 0.0714124 0.875754 0.00642555
10 0.0342202 0.102428 0.85619 0.00716183
10 0.0383545 0.0597638 0.899379 0.0025027
10 0.042312 0.0873464 0.850037 0.0203049
10 0.033133 0.116517 0.833456 0.0168935
10 0.0461656 0.0868592 0.862653 0.00432255
10 0.0271906 0.103691 0.866523 0.00259526
10 0.0630946 0.182288 0.747823 0.00679499
10 0.0407757 0.141415 0.813549 0.00426027
10 0.0507429 0.126257 0.814061 0.00893935
10 0.0372668 0.0608792 0.892535 0.00931869
10 0.0542087 0.166331 0.773802 0.00565912
10 0.0549603 0.0619268 0.87595 0.00716308
10 0.0408221 0.234004 0.723698 0.00147601
10 0.0540109 0.0495667 0.891886 0.00453679
10 0.0542878 0.14263 0.797825 0.00525745
10 0.0472738 0.0757678 0.870554 0.00640435
10 0.0406678 0.0446004 0.910643 0.00408912
10 0.0323541 0.149602 0.807621 0.0104232
10 0.0475616 0.100695 0.844432 0.00731106
10 0.0428624 0.0664728 0.872283 0.0183821
10 0.0479128 0.0599789 0.885794 0.00631469
10 0.0294559 0.116401 0.837341 0.0168025
10 0.0383155 0.0788082 0.879169 0.00370769
10 0.0380261 0.089047 0.857722 0.0152048
10 0.0464996 0.0576933 0.889126 0.00668071
10 0.0331608 0.251389 0.714024 0.00142666
10 0.0468851 0.221775 0.723821 0.00751838
10 0.0457087 0.194261 0.759888 0.000142123
10 0.0432797 0.0916939 0.850498 0.0145286
10 0.0439353 0.143554 0.807567 0.00494409
10 0.035877 0.0758921 0.873873 0.0143578
10 0.043335 0.0692842 0.875824 0.0115568
10 0.0363491 0.112833 0.826842 0.0239763
10 0.0422609 0.170945 0.779669 0.00712474
10 0.0450677 0.0858135 0.866184 0.00293494
10 0.0327166 0.134524 0.817613 0.0151466
10 0.0475767 0.250838 0.690356 0.0112297
10 0.0406384 0.254267 0.686535 0.0185591
10 0.0403257 0.138716 0.811224 0.00973369
10 0.0324938 0.0332824 0.930299 0.00392513
10 0.0620952 0.114077 0.823554 0.000273834
10 0.0444712 0.135602 0.803509 0.0164174
10 0.0408744 0.089418 0.857956 0.0117513
10 0.043544 0.123566 0.830794 0.0020964
10 0.041703 0.0765875 0.878762 0.00294766
10 0.0472085 0.170515 0.777442 0.00483431
10 0.0352087 0.151448 0.813184 0.000158546
10 0.0434689 0.093836 0.862154 0.000541125
10 0.0354839 0.128248 0.835666 0.000601552
10 0.050637 0.079883 0.865649 0.00383108
10 0.043548 0.0918217 0.85775 0.00688004
10 0.0534997 0.118608 0.819185 0.00870675
10 0.0526654 0.109979 0.829134 0.00822082
10 0.0405358 0.16164 0.77545 0.0223741
10 0.0519299 0.0315154 0.909555 0.00699951
10 0.0519808 0.16543 0.781384 0.00120482
10 0.0414761 0.230027 0.728129 0.000368427
10 0.023993 0.0940954 0.874356 0.00755586
10 0.0462295 0.0678094 0.865973 0.0199879
10 0.0486854 0.109818 0.828148 0.0133484
10 0.036118 0.040281 0.918284 0.005317
10 0.0299585 0.29642 0.673622 0
10 0.0353715 0.0922619 0.868395 0.00397216
10 0.0552387 0.19013 0.752964 0.00166742
10 0.059015 0.046511 0.88927 0.00520441
10 0.0519789 0.185109 0.761573 0.00133979
10 0.0337613 0.207482 0.756348 0.00240943
10 0.0655176 0.0958932 0.829464 0.00912532
10 0.0621939 0.132583 0.804125 0.00109784
10 0.0450928 0.0701227 0.877914 0.00687017
10 0.0500841 0.132309 0.810723 0.00688362
10 0.0443305 0.162894 0.788673 0.00410212
10 0.0380247 0.10186 0.859145 0.000970723
10 0.0350915 0.151046 0.795179 0.0186833
10 0.0437012 0.199974 0.755723 0.000601025
10 0.0373952 0.135488 0.811452 0.0156645
10 0.0386076 0.153007 0.793285 0.0150998
10 0.039012 0.204904 0.748649 0.00743511
10 0.0353802 0.0944809 0.870139 0
10 0.0375136 0.133809 0.828402 0.000275756
10 0.0581069 0.0750005 0.866529 0.000363096
10 0.046128 0.148119 0.797393 0.00835951
10 0.0314119 0.0625631 0.900216 0.00580866
10 0.0411794 0.064332 0.888696 0.00579286
10 0.0497728 0.0779301 0.861417 0.0108799
10 0.0662696 0.135085 0.788117 0.010528
10 0.0426866 0.112389 0.84336 0.00156518
10 0.0435199 0.175306 0.773043 0.00813119
10 0.0400584 0.051124 0.898978 0.00983914
10 0.040325 0.0866635 0.871111 0.00190026
10 0.0421597 0.0447233 0.903457 0.00965985
