25 0.0341677 0.587233 0.378599 0
25 0.0995838 0.330824 0.473215 0.0963764
25 0.039478 0.42787 0.532652 0
25 0.0190021 0.670769 0.310229 0
25 0.037598 0.434547 0.527855 0
25 0.0901809 0.534621 0.375198 0
25 0.0332084 0.638795 0.327996 0
25 0.0707528 0.41819 0.511057 0
25 0.0477521 0.656948 0.2953 0
25 0.174568 0.304045 0.521386 0
25 0.0344789 0.56176 0.403761 0
25 0.0239204 0.46747 0.50861 0
25 0.0482585 0.514687 0.437055 0
25 0.077647 0.420332 0.502021 0
25 0.0571565 0.679515 0.263329 0
25 0.0217449 0.549889 0.428366 0
25 0.0669883 0.412802 0.52021 0
25 0.0342566 0.468456 0.497287 0
25 0.0471896 0.491039 0.461771 0
25 0.0533771 0.536152 0.41047 0
25 0.0741909 0.39616 0.529649 0
25 0.0340426 0.4525 0.513458 0
25 0.030461 0.38847 0.581069 0
25 0.0461779 0.603968 0.329527 0.0203269
25 0.237017 0.260287 0.502696 0
25 0.072508 0.584796 0.342696 0
25 0.0480477 0.669816 0.282136 0
25 0.036143 0.665157 0.2987 0
25 0.0623419 0.493941 0.443717 0
25 0.0598431 0.507794 0.432363 0
25 0.112902 0.471038 0.41606 0
25 0.0319417 0.589015 0.379043 0
25 0.0885786 0.313336 0.598085 0
25 0.0488583 0.576687 0.374454 0
25 0.0734215 0.564669 0.36191 0
25 0.0489153 0.625677 0.325407 0
25 0.167154 0.339661 0.493185 0
25 0.0597506 0.45294 0.48731 0
25 0.0569552 0.516382 0.406672 0.0199908
25 0.0401808 0.528368 0.431451 0
25 0.161702 0.322808 0.51549 0
25 0.13151 0.392884 0.475607 0
25 0.0234887 0.475772 0.500739 0
25 0.0208098 0.517573 0.461617 0
25 0.0461479 0.430586 0.523266 0
25 0.0291152 0.647073 0.323811 0
25 0.109865 0.524879 0.365257 0
25 0.0537672 0.563537 0.382695 0
25 0.0229484 0.627278 0.349774 0
25 0.0671004 0.490698 0.408767 0.033434
25 0.0284019 0.578562 0.393037 0
25 0.0561428 0.607366 0.336491 0
25 0.0300267 0.575648 0.394325 0
25 0.153223 0.399465 0.447312 0
25 0.0351594 0.499415 0.465425 0
25 0.0296412 0.608794 0.361565 0
25 0.0295571 0.514393 0.45605 0
25 0.0628699 0.510232 0.426898 0
25 0.170936 0.253478 0.575586 0
25 0.0459548 0.544528 0.409517 0
25 0.11021 0.437945 0.451845 0
25 0.0794895 0.47713 0.443381 0
25 0.0751441 0.515807 0.409049 0
25 0.0198978 0.532384 0.447718 0
25 0.0623165 0.401361 0.491486 0.0448367
25 0.0209791 0.641185 0.337836 0
25 0.0291188 0.55387 0.417011 0
25 0.0375997 0.425147 0.537253 0
25 0.038802 0.536056 0.425142 0
25 0.0762527 0.515406 0.408341 0
25 0.0351412 0.414407 0.550452 0
25 0.0370032 0.562935 0.400062 0
25 0.027963 0.553909 0.418128 0
25 0.0498201 0.503519 0.413529 0.0331319
25 0.0576095 0.513971 0.42842 0
25 0.111005 0.388299 0.500696 0
25 0.0887176 0.478589 0.432693 0
25 0.147032 0.326384 0.526585 0
25 0.0510414 0.610681 0.338278 0
25 0.0536142 0.48087 0.465516 0
25 0.0346981 0.551878 0.413424 0
25 0.0148752 0.643582 0.341542 0
25 0.0485517 0.552134 0.399314 0
25 0.0939705 0.392085 0.513945 0
25 0.0218699 0.582914 0.395216 0
25 0.0490564 0.548151 0.402793 0
25 0.0882189 0.411093 0.500688 0
25 0.0816054 0.512892 0.405502 0
25 0.0301188 0.533193 0.436688 0
25 0.0202345 0.62961 0.350156 0
25 0.119564 0.327719 0.485094 0.0676236
25 0.0304013 0.561913 0.407686 0
25 0.0663146 0.403886 0.497539 0.0322603
25 0.0756614 0.368916 0.555422 0
25 0.0187118 0.652645 0.328643 0
25 0.100511 0.421608 0.477881 0
25 0.019236 0.648071 0.332693 0
25 0.0203383 0.666772 0.31289 0
25 0.054117 0.568192 0.377691 0
25 0.0189599 0.61976 0.36128 0
