25 0.234021 0.506462 0.259517 0
25 0.195826 0.596276 0.207897 0
25 0.349704 0.317396 0.308275 0.0246252
25 0.344983 0.304988 0.350029 0
25 0.270393 0.42151 0.308097 0
25 0.315012 0.354046 0.330943 0
25 0.275462 0.424071 0.300468 0
25 0.420821 0.238281 0.340898 0
25 0.331439 0.355373 0.313188 0
25 0.391328 0.247074 0.361598 0
25 0.196718 0.617058 0.186224 0
25 0.321923 0.367892 0.310185 0
25 0.34806 0.311777 0.340164 0
25 0.309117 0.411348 0.268819 0.0107165
25 0.20794 0.514004 0.278055 0
25 0.322276 0.368467 0.309257 0
25 0.375426 0.24232 0.382254 0
25 0.253996 0.504074 0.226791 0.0151385
25 0.444269 0.201003 0.354728 0
25 0.315021 0.353699 0.33128 0
25 0.34976 0.298184 0.352055 0
25 0.319451 0.389162 0.291387 0
25 0.321068 0.371216 0.307716 0
25 0.294137 0.395764 0.310099 0
25 0.282229 0.440149 0.277622 0
25 0.290336 0.4185 0.291164 0
25 0.316193 0.37019 0.313617 0
25 0.365918 0.247173 0.386909 0
25 0.301021 0.390313 0.308666 0
25 0.237992 0.500665 0.261343 0
25 0.326479 0.372187 0.301334 0
25 0.240697 0.433897 0.325406 0
25 0.31764 0.400619 0.281741 0
25 0.33605 0.320114 0.343836 0
25 0.266955 0.446234 0.286811 0
25 0.315554 0.384819 0.299626 0
25 0.350554 0.323035 0.326411 0
25 0.288871 0.417109 0.29402 0
25 0.311948 0.366729 0.321324 0
25 0.335384 0.365726 0.29889 0
25 0.361167 0.292877 0.345956 0
25 0.262972 0.454075 0.282953 0
25 0.353868 0.360884 0.285247 0
25 0.458007 0.168714 0.373279 0
25 0.311825 0.374535 0.31364 0
25 0.381791 0.326001 0.292209 0
25 0.293971 0.435318 0.270711 0
25 0.364225 0.285303 0.350471 0
25 0.305871 0.359798 0.334331 0
25 0.312039 0.327877 0.349361 0.010723
25 0.440792 0.182067 0.37714 0
25 0.252768 0.47364 0.273592 0
25 0.279197 0.421868 0.298935 0
25 0.233034 0.491786 0.27518 0
25 0.267346 0.417362 0.315292 0
25 0.301539 0.415033 0.283428 0
25 0.288982 0.385245 0.325773 0
25 0.320169 0.382672 0.297158 0
25 0.291348 0.376231 0.332421 0
25 0.323646 0.346893 0.329461 0
25 0.360733 0.274764 0.364503 0
25 0.416265 0.213711 0.370024 0
25 0.431539 0.18608 0.382381 0
25 0.213032 0.529225 0.257744 0
25 0.26621 0.449456 0.284335 0
25 0.320158 0.362156 0.317686 0
25 0.441107 0.187348 0.371545 0
25 0.224887 0.468866 0.285378 0.0208691
25 0.308462 0.367467 0.324072 0
25 0.278687 0.4271 0.294213 0
25 0.343045 0.314614 0.342341 0
25 0.419809 0.173065 0.407127 0
25 0.312281 0.322592 0.365127 0
25 0.409984 0.188948 0.401068 0
25 0.411487 0.188605 0.381377 0.0185308
25 0.395413 0.223042 0.381545 0
25 0.392795 0.238285 0.36892 0
25 0.347205 0.299863 0.352933 0
25 0.298162 0.401687 0.300151 0
25 0.366586 0.247253 0.386162 0
25 0.286833 0.402015 0.311153 0
25 0.313986 0.348451 0.337563 0
25 0.249762 0.475596 0.274643 0
25 0.306223 0.400246 0.293531 0
25 0.362101 0.25767 0.380229 0
25 0.265445 0.45354 0.281016 0
25 0.322029 0.354942 0.323029 0
25 0.349513 0.313524 0.336963 0
25 0.3021 0.402393 0.295507 0
25 0.309032 0.390686 0.300282 0
25 0.307803 0.359042 0.333155 0
25 0.242017 0.473278 0.284705 0
25 0.210313 0.543872 0.245815 0
25 0.365327 0.243183 0.39149 0
25 0.283613 0.402961 0.292123 0.0213034
25 0.342147 0.297981 0.359872 0
25 0.455602 0.162718 0.381679 0
25 0.267422 0.504113 0.228465 0
25 0.341701 0.338104 0.320195 0
25 0.299648 0.39373 0.303523 0.00309917
