25 0.183756 0.211398 0.604847 0
25 0.150632 0.208175 0.592187 0.0490069
25 0.19393 0.037023 0.769047 0
25 0.214024 0.229102 0.556873 0
25 0.165105 0.310579 0.524316 0
25 0.255962 0.290155 0.453883 0
25 0.251755 0.334401 0.413844 0
25 0.262227 0.221007 0.516766 0
25 0.280629 0.307733 0.411639 0
25 0.19576 0.24018 0.56406 0
25 0.200262 0.347387 0.45235 0
25 0.189654 0.279524 0.40108 0.129741
25 0.278473 0.236162 0.485365 0
25 0.156274 0.305669 0.538057 0
25 0.161066 0.250388 0.588546 0
25 0.33 0.198802 0.471197 0
25 0.158808 0.203795 0.637397 0
25 0.134938 0.163978 0.513294 0.18779
25 0.155947 0.346039 0.47842 0.0195942
25 0.178622 0.331541 0.489837 0
25 0.208623 0.26594 0.525436 0
25 0.172338 0.22384 0.603822 0
25 0.223229 0.271619 0.505153 0
25 0.407284 0.158145 0.434571 0
25 0.208912 0.324677 0.466411 0
25 0.229599 0.168112 0.477083 0.125205
25 0.291136 0.216868 0.491996 0
25 0.212664 0.0886445 0.698692 0
25 0.177309 0.394135 0.428556 0
25 0.178622 0.263861 0.557517 0
25 0.217775 0.284013 0.498212 0
25 0.14912 0.222513 0.628367 0
25 0.128707 0.278274 0.593019 0
25 0.166328 0.331033 0.502639 0
25 0.14697 0.250897 0.602134 0
25 0.287359 0.268425 0.444215 0
25 0.171766 0.338263 0.489971 0
25 0.240312 0.213792 0.545897 0
25 0.196056 0.310052 0.493891 0
25 0.177059 0.209836 0.613106 0
25 0.146808 0.322977 0.530216 0
25 0.188568 0.177672 0.63376 0
25 0.256472 0.162928 0.580601 0
25 0.236149 0.259642 0.504209 0
25 0.238253 0.220051 0.541696 0
25 0.166054 0.342442 0.491505 0
25 0.155228 0.309142 0.53563 0
25 0.185559 0.321803 0.492638 0
25 0.182095 0.2587 0.559205 0
25 0.305004 0.195962 0.499034 0
25 0.143727 0.345498 0.510775 0
25 0.261531 0.239421 0.499048 0
25 0.118326 0.234723 0.646951 0
25 0.202657 0.224094 0.57325 0
25 0.191139 0.414011 0.39485 0
25 0.202053 0.255119 0.420185 0.122644
25 0.124796 0.278762 0.596442 0
25 0.199423 0.175477 0.6251 0
25 0.18833 0.24895 0.56272 0
25 0.166864 0.430584 0.402552 0
25 0.273484 0.113515 0.395615 0.217386
25 0.301589 0.293968 0.404443 0
25 0.168056 0.167827 0.664117 0
25 0.101312 0.194799 0.567207 0.136682
25 0.20147 0.263532 0.534998 0
25 0.150509 0.26876 0.580732 0
25 0.243568 0.175588 0.580844 0
25 0.209635 0.309038 0.481327 0
25 0.179887 0.232283 0.58783 0
25 0.178494 0.269649 0.551857 0
25 0.146076 0.237441 0.616483 0
25 0.145526 0.338288 0.516186 0
25 0.172419 0.211866 0.615715 0
25 0.243594 0.110433 0.645974 0
25 0.173774 0.295427 0.530799 0
25 0.14556 0.281925 0.572516 0
25 0.195412 0.222256 0.582332 0
25 0.183304 0.285969 0.530726 0
25 0.192515 0.259937 0.547548 0
25 0.153961 0.330695 0.408242 0.107102
25 0.143245 0.233018 0.623737 0
25 0.19252 0.315414 0.492067 0
25 0.160449 0.291381 0.383732 0.164439
25 0.254017 0.191083 0.5549 0
25 0.234667 0.306889 0.458444 0
25 0.11098 0.408833 0.480186 0
25 0.276832 0.0951431 0.628024 0
25 0.233323 0.206793 0.559884 0
25 0.168561 0.34248 0.488959 0
25 0.292945 0.243848 0.463206 0
25 0.250401 0.0769629 0.672636 0
25 0.186407 0.263306 0.550287 0
25 0.177373 0.407831 0.414796 0
25 0.1868 0.298695 0.514504 0
25 0.15817 0.25149 0.59034 0
25 0.280666 0.339805 0.379529 0
25 0.28131 0.34278 0.375911 0
25 0.17781 0.361437 0.460752 0
25 0.139113 0.257559 0.603327 0
25 0.294921 0.255072 0.450007 0
