30 0.186145 0.167572 0.531639 0.114644
30 0.454349 0.226296 0.319355 0
30 0.281848 0.168641 0.549511 0
30 0.220171 0.224252 0.555578 0
30 0.189817 0.19714 0.613043 0
30 0.255434 0.248782 0.495783 0
30 0.215581 0.142844 0.641575 0
30 0.254946 0.286613 0.458441 0
30 0.244395 0.209372 0.546233 0
30 0.242295 0.204093 0.553612 0
30 0.176243 0.130179 0.693578 0
30 0.17293 0.152821 0.674249 0
30 0.182465 0.216614 0.60092 0
30 0.218793 0.233489 0.547717 0
30 0.237312 0.0830944 0.679594 0
30 0.270766 0.200168 0.529066 0
30 0.212445 0.12467 0.662885 0
30 0.18707 0.229099 0.583832 0
30 0.196183 0.187469 0.616347 0
30 0.27863 0.216092 0.505278 0
30 0.272567 0.318784 0.408649 0
30 0.285169 0.163321 0.55151 0
30 0.273837 0.240526 0.485637 0
30 0.298092 0.0809588 0.620949 0
30 0.293059 0.28914 0.417801 0
30 0.192358 0.281008 0.526634 0
30 0.313505 0.0977783 0.588717 0
30 0.259626 0.145752 0.594622 0
30 0.423712 0.142285 0.434003 0
30 0.214916 0.315258 0.469826 0
30 0.233944 0.182896 0.58316 0
30 0.163584 0.192356 0.644061 0
30 0.27418 0.256491 0.469329 0
30 0.188544 0.146802 0.532404 0.13225
30 0.186038 0.193486 0.620476 0
30 0.204407 0.268434 0.527159 0
30 0.180876 0.28813 0.530994 0
30 0.227335 0.221376 0.551289 0
30 0.298399 0.136515 0.565086 0
30 0.168343 0.241045 0.50267 0.0879418
30 0.295368 0.094723 0.609909 0
30 0.190487 0.23294 0.576572 0
30 0.44071 0.191134 0.368155 0
30 0.263573 0.146955 0.589472 0
30 0.213544 0.196983 0.589472 0
30 0.194634 0.248919 0.556448 0
30 0.299627 0.263495 0.436878 0
30 0.17101 0.141794 0.687196 0
30 0.278122 0.158468 0.563411 0
30 0.154973 0.134118 0.710908 0
30 0.235815 0.171522 0.592663 0
30 0.18715 0.278398 0.534452 0
30 0.230077 0.185371 0.584551 0
30 0.177411 0.136343 0.686247 0
30 0.229788 0.102641 0.667571 0
30 0.24277 0.27491 0.482319 0
30 0.375077 0.233692 0.391231 0
30 0.249743 0.228524 0.521733 0
30 0.249828 0.0896275 0.660545 0
30 0.262781 0.153791 0.549724 0.0337041
30 0.166079 0.330337 0.503584 0
30 0.267051 0.158472 0.574476 0
30 0.285882 0.161331 0.552786 0
30 0.343655 0.166422 0.489923 0
30 0.283576 0.139374 0.57705 0
30 0.201569 0.161054 0.637377 0
30 0.16261 0.294897 0.542493 0
30 0.196389 0.210361 0.59325 0
30 0.216509 0.203991 0.505946 0.0735537
30 0.470766 0.130625 0.398608 0
30 0.12546 0.298604 0.575936 0
30 0.206538 0.138592 0.65487 0
30 0.236655 0.220748 0.542597 0
30 0.278753 0.231603 0.489644 0
30 0.26252 0.192208 0.545272 0
30 0.249367 0.127548 0.623084 0
30 0.254005 0.144832 0.601163 0
30 0.253627 0.264303 0.48207 0
30 0.264795 0.317607 0.417598 0
30 0.157703 0.263429 0.578868 0
30 0.177737 0.173311 0.648952 0
30 0.228265 0.15636 0.615375 0
30 0.206748 0.211941 0.58131 0
30 0.199391 0.268785 0.531824 0
30 0.280675 0.193421 0.525904 0
30 0.214159 0.21603 0.569812 0
30 0.203004 0.236154 0.560842 0
30 0.306084 0.145566 0.54835 0
30 0.219197 0.15761 0.623193 0
30 0.211289 0.109406 0.679305 0
30 0.171786 0.268575 0.559639 0
30 0.158101 0.256744 0.585154 0
30 0.22642 0.296045 0.477535 0
30 0.31245 0.14925 0.5383 0
30 0.213163 0.225653 0.561184 0
30 0.239891 0.176472 0.583637 0
30 0.371272 0.167325 0.461404 0
30 0.264339 0.169073 0.566587 0
30 0.285714 0.279997 0.434288 0
30 0.221139 0.338103 0.440759 0
