30 0.281178 0.221514 0.497309 0
30 0.358166 0.0815472 0.560287 0
30 0.368012 0.143373 0.488615 0
30 0.326505 0.214554 0.458942 0
30 0.281532 0.194922 0.523545 0
30 0.341686 0.118332 0.539982 0
30 0.247822 0.260072 0.492107 0
30 0.291029 0.226802 0.482169 0
30 0.224075 0.286365 0.48956 0
30 0.293698 0.247879 0.458423 0
30 0.225683 0.317213 0.457104 0
30 0.297699 0.175536 0.526765 0
30 0.29841 0.193969 0.507621 0
30 0.243428 0.260469 0.496103 0
30 0.303356 0.172124 0.52452 0
30 0.259758 0.156185 0.584058 0
30 0.276692 0.247938 0.47537 0
30 0.423684 0.0736213 0.501493 0.00120085
30 0.230489 0.246823 0.522688 0
30 0.490364 0.0538416 0.455794 0
30 0.439935 0.14338 0.416685 0
30 0.27162 0.299777 0.428604 0
30 0.314156 0.180813 0.505031 0
30 0.245457 0.24426 0.510283 0
30 0.367221 0.162301 0.470478 0
30 0.308451 0.226558 0.464991 0
30 0.292772 0.184894 0.522334 0
30 0.278685 0.361009 0.360306 0
30 0.33029 0.298876 0.370835 0
30 0.249424 0.220965 0.529611 0
30 0.26237 0.23547 0.50216 0
30 0.257514 0.344638 0.397848 0
30 0.244555 0.222583 0.532862 0
30 0.318817 0.303124 0.378059 0
30 0.322003 0.234359 0.443638 0
30 0.329256 0.203775 0.46697 0
30 0.293871 0.183348 0.522781 0
30 0.278556 0.130945 0.590499 0
30 0.324797 0.171931 0.503272 0
30 0.266914 0.306306 0.42678 0
30 0.331086 0.210428 0.458486 0
30 0.225641 0.257087 0.517272 0
30 0.307418 0.139717 0.552865 0
30 0.264074 0.244281 0.491645 0
30 0.27075 0.104613 0.624637 0
30 0.225899 0.187524 0.586577 0
30 0.305114 0.200302 0.494584 0
30 0.271493 0.289835 0.438672 0
30 0.360615 0.239301 0.400085 0
30 0.339283 0.088375 0.572342 0
30 0.257004 0.235744 0.507252 0
30 0.312914 0.250393 0.436693 0
30 0.292015 0.189454 0.518532 0
30 0.264501 0.323876 0.411623 0
30 0.493754 0.0985504 0.407695 0
30 0.221457 0.378713 0.39983 0
30 0.270124 0.249843 0.480033 0
30 0.287225 0.148326 0.564449 0
30 0.298135 0.218927 0.482938 0
30 0.330994 0.154159 0.514847 0
30 0.315964 0.214894 0.469142 0
30 0.277926 0.199408 0.522666 0
30 0.292293 0.18862 0.519087 0
30 0.289192 0.226708 0.4841 0
30 0.288143 0.116636 0.595221 0
30 0.340474 0.136317 0.52321 0
30 0.239632 0.364699 0.395669 0
30 0.398287 0.141521 0.460192 0
30 0.371332 0.182599 0.446069 0
30 0.352731 0.19144 0.455829 0
30 0.282336 0.124463 0.5932 0
30 0.343522 0.207178 0.449301 0
30 0.292605 0.175913 0.531482 0
30 0.345634 0.327648 0.326718 0
30 0.341633 0.172243 0.486124 0
30 0.325123 0.259319 0.415557 0
30 0.347293 0.249042 0.403664 0
30 0.285568 0.289913 0.424518 0
30 0.258148 0.265765 0.476087 0
30 0.260169 0.218921 0.52091 0
30 0.27765 0.272157 0.450192 0
30 0.244536 0.227094 0.52837 0
30 0.287181 0.188759 0.52406 0
30 0.218791 0.24765 0.47407 0.0594895
30 0.253964 0.27425 0.471786 0
30 0.209596 0.281034 0.50937 0
30 0.378488 0.137886 0.483626 0
30 0.245707 0.303953 0.45034 0
30 0.264201 0.201454 0.534345 0
30 0.315231 0.112593 0.572176 0
30 0.24944 0.315269 0.435292 0
30 0.285189 0.244903 0.469908 0
30 0.364262 0.136976 0.498762 0
30 0.257748 0.245975 0.496277 0
30 0.234489 0.234981 0.456872 0.0736591
30 0.358928 0.0951837 0.545888 0
30 0.262678 0.257473 0.479849 0
30 0.316662 0.313659 0.369679 0
30 0.284435 0.243765 0.471799 0
30 0.301583 0.18939 0.509027 0
