25 0.0708352 0.473935 0.45523 0
25 0.0263967 0.568029 0.405574 0
25 0.103033 0.438922 0.458045 0
25 0.0737935 0.491675 0.434532 0
25 0.0289781 0.494232 0.47679 0
25 0.0543158 0.467868 0.477816 0
25 0.0855264 0.483365 0.431109 0
25 0.0344009 0.468934 0.496665 0
25 0.0227544 0.556237 0.421009 0
25 0.0866269 0.499759 0.413614 0
25 0.0625414 0.316156 0.621303 0
25 0.041324 0.560741 0.397935 0
25 0.02992 0.542011 0.428069 0
25 0.0541224 0.524599 0.421279 0
25 0.0423128 0.551179 0.406508 0
25 0.0264287 0.642805 0.321823 0.00894366
25 0.0601799 0.45448 0.48534 0
25 0.127497 0.477685 0.394817 0
25 0.0366745 0.389483 0.573843 0
25 0.0725028 0.421546 0.505951 0
25 0.0212667 0.581628 0.397105 0
25 0.122615 0.318204 0.559181 0
25 0.0571172 0.496754 0.446129 0
25 0.0357983 0.626991 0.337211 0
25 0.0314463 0.586184 0.38237 0
25 0.047865 0.492384 0.459751 0
25 0.0760322 0.46041 0.396813 0.0667453
25 0.0219338 0.520741 0.457325 0
25 0.0346785 0.60156 0.363762 0
25 0.0787493 0.346392 0.574859 0
25 0.0712804 0.330158 0.598562 0
25 0.0429718 0.633284 0.323744 0
25 0.0865523 0.445694 0.467754 0
25 0.0621605 0.524044 0.413796 0
25 0.110523 0.28042 0.498798 0.110259
25 0.0189408 0.628488 0.352571 0
25 0.0602085 0.377234 0.562557 0
25 0.0232721 0.542283 0.434445 0
25 0.0438448 0.451637 0.504518 0
25 0.0701523 0.541229 0.388619 0
25 0.0691307 0.515331 0.415538 0
25 0.0741212 0.459285 0.466594 0
25 0.0341791 0.60061 0.365211 0
25 0.0644256 0.465124 0.47045 0
25 0.0760765 0.299021 0.624903 0
25 0.0478941 0.467066 0.48504 0
25 0.0634072 0.525085 0.411508 0
25 0.0764039 0.487898 0.435698 0
25 0.0231467 0.544539 0.432314 0
25 0.0873051 0.443684 0.469011 0
25 0.0190492 0.540928 0.440023 0
25 0.0620244 0.576659 0.361317 0
25 0.0284608 0.587237 0.384302 0
25 0.035155 0.55156 0.401359 0.0119264
25 0.0682973 0.474998 0.456705 0
25 0.0335321 0.482604 0.483864 0
25 0.0284876 0.635717 0.335796 0
25 0.0206036 0.604709 0.374688 0
25 0.0584418 0.534773 0.406785 0
25 0.045113 0.583075 0.371812 0
25 0.0733965 0.462443 0.464161 0
25 0.0648948 0.380989 0.554116 0
25 0.0809451 0.520325 0.39873 0
25 0.0195802 0.56399 0.41643 0
25 0.0356252 0.631569 0.332806 0
25 0.0310791 0.649215 0.319706 0
25 0.0613595 0.492074 0.446566 0
25 0.054844 0.602737 0.342419 0
25 0.0397774 0.53597 0.424253 0
25 0.0605554 0.437109 0.502336 0
25 0.0581598 0.48345 0.45839 0
25 0.0478664 0.635775 0.316359 0
25 0.0218211 0.627466 0.350713 0
25 0.04336 0.595537 0.361103 0
25 0.0232761 0.559326 0.417398 0
25 0.0260216 0.548215 0.425763 0
25 0.0377602 0.453654 0.508585 0
25 0.0435562 0.635883 0.32056 0
25 0.0885006 0.516317 0.363965 0.0312173
25 0.0710188 0.387134 0.541847 0
25 0.110092 0.463592 0.426316 0
25 0.0367308 0.580716 0.382553 0
25 0.100554 0.37201 0.527436 0
25 0.0220702 0.533745 0.40299 0.0411946
25 0.0253787 0.550863 0.423758 0
25 0.0827754 0.497735 0.41949 0
25 0.173764 0.262872 0.563364 0
25 0.0289903 0.518363 0.452647 0
25 0.143601 0.387186 0.469214 0
25 0.079539 0.367475 0.552986 0
25 0.0404899 0.489635 0.372531 0.0973441
25 0.0393718 0.636639 0.323989 0
25 0.035772 0.506284 0.457944 0
25 0.0878484 0.520136 0.392015 0
25 0.0499224 0.440896 0.509182 0
25 0.0555103 0.583307 0.361183 0
25 0.102974 0.352024 0.545002 0
25 0.0311376 0.502112 0.466751 0
25 0.0464257 0.394992 0.558582 0
25 0.0501137 0.580235 0.369652 0
