15 0.106203 0.481956 0.395714 0.0161262
15 0.0824406 0.51605 0.327958 0.0735514
15 0.121047 0.515398 0.349226 0.0143293
15 0.0950241 0.46582 0.40305 0.0361051
15 0.127657 0.449106 0.371798 0.0514382
15 0.114354 0.422642 0.344917 0.118087
15 0.120365 0.421331 0.411838 0.0464655
15 0.131334 0.499528 0.347724 0.0214134
15 0.110961 0.543856 0.312638 0.032545
15 0.0937003 0.495586 0.323509 0.087205
15 0.114654 0.411238 0.331485 0.142623
15 0.111241 0.497237 0.351198 0.0403239
15 0.103147 0.441064 0.407137 0.0486511
15 0.102601 0.514144 0.298458 0.084796
15 0.117945 0.386883 0.318179 0.176993
15 0.10562 0.417016 0.350588 0.126775
15 0.116289 0.494723 0.359591 0.0293971
15 0.102383 0.432777 0.42632 0.0385207
15 0.0856188 0.486784 0.335494 0.0921023
15 0.122826 0.432945 0.385951 0.0582789
15 0.138878 0.33723 0.385733 0.138158
15 0.094903 0.480093 0.34035 0.0846538
15 0.127425 0.408849 0.437308 0.0264183
15 0.153293 0.472947 0.365959 0.00780153
15 0.114166 0.448407 0.377923 0.0595045
15 0.10023 0.491822 0.374546 0.0334022
15 0.106765 0.477435 0.359073 0.0567268
15 0.091607 0.523851 0.329548 0.0549936
15 0.0823368 0.566526 0.343882 0.00725508
15 0.109985 0.5353 0.300809 0.0539058
15 0.101952 0.486911 0.401942 0.00919533
15 0.0938552 0.458298 0.392142 0.0557051
15 0.113852 0.438733 0.365183 0.0822328
15 0.121229 0.478963 0.331655 0.0681532
15 0.12185 0.467974 0.361874 0.0483015
15 0.0649774 0.595782 0.313017 0.0262228
15 0.116475 0.446831 0.345299 0.091395
15 0.147395 0.4373 0.377806 0.0374989
15 0.107827 0.496855 0.298135 0.0971823
15 0.0954571 0.481969 0.342128 0.0804457
15 0.107697 0.50526 0.303342 0.0837011
15 0.104303 0.39578 0.403994 0.0959233
15 0.130006 0.469528 0.350956 0.0495093
15 0.161378 0.36542 0.396005 0.0771977
15 0.0965668 0.50349 0.360282 0.0396611
15 0.125264 0.457927 0.369303 0.0475056
15 0.0936333 0.454662 0.348936 0.102768
15 0.129341 0.416197 0.359153 0.0953092
15 0.0889194 0.521721 0.337174 0.0521854
15 0.104796 0.449344 0.367323 0.078537
15 0.129246 0.42414 0.383188 0.0634272
15 0.122065 0.434357 0.406282 0.0372958
15 0.126741 0.450006 0.342711 0.080542
15 0.0870892 0.503697 0.358039 0.0511742
15 0.0933586 0.511945 0.358273 0.0364235
15 0.101303 0.555096 0.332648 0.0109535
15 0.0880669 0.406379 0.41273 0.0928239
15 0.105349 0.493101 0.329958 0.0715927
15 0.0920916 0.473471 0.370729 0.0637085
15 0.139592 0.359593 0.415102 0.0857129
15 0.12285 0.545641 0.310374 0.0211348
15 0.121945 0.468002 0.335451 0.0746023
15 0.112934 0.507625 0.358289 0.0211522
15 0.13057 0.398065 0.343316 0.128049
15 0.10901 0.522207 0.34597 0.0228134
15 0.0878141 0.489983 0.398203 0.0239999
15 0.0909882 0.521622 0.360211 0.0271787
15 0.143511 0.39377 0.442336 0.0203836
15 0.104933 0.402636 0.367728 0.124702
15 0.135296 0.383571 0.398988 0.0821448
15 0.114145 0.455346 0.40012 0.030389
15 0.113036 0.433012 0.394646 0.0593055
15 0.142573 0.464664 0.313619 0.0791445
15 0.0887876 0.475426 0.398634 0.0371522
15 0.119901 0.470255 0.377205 0.0326397
15 0.0852699 0.583537 0.307284 0.0239089
15 0.111862 0.47219 0.413201 0.0027463
15 0.107146 0.48433 0.371142 0.0373828
15 0.0969955 0.550792 0.344546 0.00766637
15 0.103846 0.547887 0.336821 0.0114468
15 0.0983924 0.474864 0.340608 0.0861365
15 0.141473 0.409138 0.393522 0.0558668
15 0.14017 0.434357 0.334204 0.0912697
15 0.0973136 0.51081 0.355588 0.0362883
15 0.128757 0.429715 0.437492 0.00403589
15 0.101789 0.430166 0.445884 0.0221604
15 0.0857767 0.55659 0.32516 0.0324734
15 0.110629 0.439748 0.39119 0.0584339
15 0.0935563 0.501835 0.35121 0.053399
15 0.103093 0.470937 0.342855 0.0831147
15 0.0923338 0.493699 0.337211 0.0767569
15 0.112034 0.548305 0.332554 0.00710659
15 0.113952 0.450263 0.37817 0.057615
15 0.139735 0.40366 0.391878 0.0647267
15 0.112883 0.336486 0.393309 0.157322
15 0.0809833 0.401388 0.332953 0.184675
15 0.111933 0.48279 0.334302 0.0709752
15 0.0998592 0.469376 0.378848 0.0519168
15 0.115654 0.440779 0.413738 0.0298288
15 0.107135 0.478481 0.304299 0.110084
