15 0.114017 0.0318315 0.820168 0.0339837
15 0.13114 0.0998911 0.702583 0.0663858
15 0.110065 0.0212949 0.838602 0.030038
15 0.0872042 0.147309 0.716683 0.0488034
15 0.10201 0.0613809 0.812265 0.0243447
15 0.123775 0.0562649 0.816256 0.00370402
15 0.115266 0.0606753 0.808355 0.0157032
15 0.0626971 0.105392 0.815713 0.0161987
15 0.110547 0.0866136 0.783835 0.0190046
15 0.0886577 0.0743964 0.791296 0.0456497
15 0.106349 0.0432091 0.834205 0.0162373
15 0.117953 0.124477 0.723898 0.0336723
15 0.0762303 0.0734357 0.848245 0.00208897
15 0.116057 0.136504 0.744715 0.00272402
15 0.104956 0.0901219 0.769024 0.0358979
15 0.101191 0.191328 0.694506 0.0129753
15 0.0993576 0.181358 0.646124 0.0731603
15 0.109307 0.162819 0.592335 0.135539
15 0.10358 0.0873003 0.777665 0.0314551
15 0.105498 0.135177 0.726949 0.0323766
15 0.0785274 0.148853 0.740388 0.0322314
15 0.121942 0.0532511 0.748087 0.07672
15 0.129361 0.0511395 0.816832 0.00266756
15 0.0955002 0.0612333 0.812696 0.0305701
15 0.113723 0.182814 0.634447 0.0690156
15 0.0969286 0.105407 0.749801 0.0478638
15 0.0828129 0.282189 0.58681 0.0481879
15 0.0969156 0.0799727 0.786099 0.0370126
15 0.0958889 0.149385 0.727569 0.027157
15 0.110653 0.16583 0.713958 0.00955938
15 0.0828761 0.188423 0.700235 0.028465
15 0.112978 0.179462 0.582934 0.124626
15 0.122861 0.0487093 0.82477 0.00365957
15 0.105284 0.0668075 0.807043 0.0208659
15 0.101902 0.0585462 0.81431 0.0252409
15 0.106781 0.142925 0.72008 0.0302147
15 0.0898672 0.122142 0.764084 0.0239068
15 0.078133 0.150054 0.770898 0.000914595
15 0.109843 0.169553 0.708464 0.0121403
15 0.0974745 0.045414 0.819018 0.0380938
15 0.116115 0.0490865 0.784017 0.0507819
15 0.115003 0.118287 0.668969 0.0977405
15 0.098027 0.0470982 0.825291 0.0295833
15 0.112384 0.0274457 0.845369 0.0148017
15 0.100277 0.0948376 0.752848 0.0520373
15 0.0992396 0.236337 0.635695 0.028728
15 0.127797 0.163783 0.652431 0.0559898
15 0.105587 0.045959 0.84615 0.00230413
15 0.130556 0.061972 0.803902 0.00356988
15 0.111701 0.11556 0.756556 0.016183
15 0.11624 0.166036 0.705128 0.0125967
15 0.0864512 0.0609166 0.820388 0.0322445
15 0.0917327 0.255096 0.638277 0.0148942
15 0.113225 0.138343 0.723469 0.0249636
15 0.0938099 0.0997167 0.755585 0.0508885
15 0.105518 0.0783866 0.759425 0.0566705
15 0.089675 0.0338713 0.856302 0.0201512
15 0.124917 0.224317 0.615948 0.034817
15 0.138214 0.0589298 0.755211 0.0476447
15 0.0872968 0.136869 0.729152 0.0466825
15 0.0994783 0.0860168 0.80191 0.0125948
15 0.11259 0.0934166 0.764251 0.0297426
15 0.0949508 0.13879 0.713687 0.0525725
15 0.117016 0.0360861 0.842795 0.00410358
15 0.0838651 0.193237 0.718232 0.00466617
15 0.104744 0.13436 0.741703 0.0191937
15 0.107494 0.14246 0.665726 0.0843203
15 0.0848631 0.144137 0.753435 0.0175651
15 0.124199 0.0878184 0.736032 0.0519508
15 0.111935 0.236624 0.631575 0.0198655
15 0.103089 0.14644 0.726166 0.0243046
15 0.100414 0.196844 0.665668 0.0370737
15 0.0974231 0.096426 0.744836 0.0613153
15 0.106332 0.0687142 0.764461 0.0604928
15 0.0968617 0.20548 0.62739 0.0702682
15 0.0849335 0.237622 0.676899 0.000545975
15 0.104361 0.0337856 0.828838 0.0330152
15 0.0867131 0.12768 0.754903 0.0307042
15 0.0943146 0.234225 0.600272 0.0711879
15 0.116662 0.108275 0.746999 0.0280635
15 0.111548 0.171622 0.659478 0.0573516
15 0.111135 0.0193544 0.857923 0.0115875
15 0.10826 0.214312 0.595693 0.0817351
15 0.10669 0.130007 0.706917 0.0563858
15 0.104563 0.0412594 0.815162 0.0390149
15 0.102547 0.138564 0.701635 0.0572537
15 0.123993 0.171075 0.694146 0.0107862
15 0.101984 0.172226 0.679844 0.0459463
15 0.109675 0.123732 0.748381 0.0182126
15 0.090817 0.0771968 0.828886 0.00310042
15 0.116231 0.138904 0.708501 0.0363647
15 0.10441 0.194428 0.669901 0.0312604
15 0.108409 0.0826171 0.785085 0.0238889
15 0.0773321 0.110063 0.792544 0.0200608
15 0.0810701 0.067365 0.834306 0.0172585
15 0.10256 0.0541944 0.816306 0.0269395
15 0.0764909 0.0692278 0.836592 0.0176889
15 0.0883218 0.315504 0.589379 0.00679572
15 0.113289 0.082557 0.801568 0.00258616
15 0.120016 0.0364636 0.789974 0.0535472
