20 0.168806 0.370414 0.429978 0.030802
20 0.164941 0.415084 0.388309 0.0316659
20 0.122764 0.411993 0.342282 0.122961
20 0.140376 0.334171 0.378845 0.146609
20 0.156913 0.49102 0.339439 0.0126283
20 0.176513 0.352377 0.402174 0.0689357
20 0.152279 0.328699 0.515414 0.00360806
20 0.136261 0.452423 0.338185 0.0731306
20 0.171248 0.409298 0.338209 0.0812437
20 0.212827 0.290712 0.448292 0.048169
20 0.159063 0.391723 0.416209 0.0330048
20 0.163662 0.296121 0.372309 0.167908
20 0.124299 0.453535 0.352913 0.0692535
20 0.0971954 0.449447 0.365718 0.0876394
20 0.141425 0.409128 0.387027 0.0624205
20 0.144458 0.367456 0.384066 0.10402
20 0.132673 0.371712 0.387108 0.108507
20 0.337326 0.303557 0.359118 0
20 0.129409 0.370954 0.404426 0.0952108
20 0.143025 0.45758 0.359691 0.0397041
20 0.144878 0.528929 0.320509 0.0056838
20 0.15246 0.343069 0.36281 0.141661
20 0.180877 0.319641 0.357679 0.141802
20 0.115806 0.474769 0.377487 0.0319386
20 0.146554 0.365313 0.41584 0.0722933
20 0.150779 0.423019 0.384085 0.0421176
20 0.145868 0.483133 0.297235 0.0737641
20 0.118218 0.443498 0.345847 0.0924378
20 0.150349 0.415067 0.434585 0
20 0.216041 0.229431 0.439124 0.115404
20 0.133949 0.468787 0.312937 0.0843257
20 0.222653 0.271278 0.38296 0.123108
20 0.159374 0.405524 0.433144 0.0019572
20 0.148414 0.42289 0.393576 0.0351198
20 0.143256 0.417312 0.418795 0.0206373
20 0.181836 0.318556 0.431937 0.0676707
20 0.187532 0.312516 0.412251 0.0877006
20 0.174874 0.360534 0.398482 0.0661099
20 0.128987 0.520803 0.336357 0.0138525
20 0.136109 0.481634 0.377049 0.00520723
20 0.167463 0.436019 0.310205 0.0863133
20 0.149865 0.405364 0.351308 0.0934629
20 0.124228 0.439583 0.364626 0.071563
20 0.139852 0.342316 0.330341 0.187492
20 0.190831 0.24582 0.497054 0.0662945
20 0.131098 0.505207 0.343154 0.0205409
20 0.184955 0.296843 0.402284 0.115918
20 0.126882 0.388235 0.420503 0.0643801
20 0.13267 0.331587 0.39749 0.138252
20 0.155953 0.390842 0.316658 0.136547
20 0.182888 0.352323 0.416834 0.047954
20 0.129779 0.425878 0.407604 0.0367393
20 0.169446 0.311917 0.36296 0.155677
20 0.141243 0.413959 0.382229 0.0625698
20 0.178206 0.310255 0.395592 0.115948
20 0.183438 0.24002 0.440399 0.136143
20 0.13942 0.39621 0.444772 0.0195987
20 0.159882 0.424952 0.318881 0.0962843
20 0.119609 0.377254 0.420315 0.0828221
20 0.157834 0.420296 0.394253 0.0276171
20 0.156675 0.407411 0.318481 0.117433
20 0.146149 0.3895 0.414837 0.0495138
20 0.162623 0.371162 0.377083 0.0891327
20 0.129671 0.47349 0.393343 0.00349582
20 0.150407 0.295156 0.446325 0.108112
20 0.130758 0.485673 0.305346 0.0782232
20 0.158761 0.434156 0.388382 0.018701
20 0.136575 0.351389 0.40159 0.110446
20 0.113378 0.478839 0.337611 0.0701718
20 0.131576 0.316568 0.415282 0.136575
20 0.150192 0.450334 0.358369 0.0411057
20 0.157472 0.334801 0.432432 0.0752948
20 0.183932 0.31624 0.399277 0.100551
20 0.124849 0.476265 0.346275 0.0526113
20 0.163088 0.314317 0.437614 0.0849813
20 0.172267 0.437047 0.375493 0.0151929
20 0.155257 0.377059 0.443415 0.0242688
20 0.119014 0.446229 0.360691 0.074066
20 0.130774 0.430474 0.391773 0.0469791
20 0.120422 0.452836 0.3192 0.107543
20 0.152991 0.336099 0.402273 0.108638
20 0.118919 0.385753 0.396239 0.0990895
20 0.131481 0.417866 0.41388 0.0367727
20 0.13245 0.355414 0.415048 0.0970883
20 0.174379 0.337861 0.46349 0.0242698
20 0.156721 0.360415 0.457591 0.0252731
20 0.181699 0.411487 0.373434 0.0333798
20 0.134352 0.498447 0.367201 0
20 0.125344 0.373456 0.326559 0.174641
20 0.169159 0.322386 0.417017 0.0914384
20 0.194977 0.269574 0.475128 0.0603207
20 0.135058 0.306957 0.404646 0.153339
20 0.129686 0.372972 0.39337 0.103972
20 0.180618 0.332206 0.409595 0.0775812
20 0.158514 0.437 0.389854 0.014632
20 0.14323 0.442482 0.372795 0.0414928
20 0.144429 0.406061 0.413688 0.0358216
20 0.182248 0.270254 0.431755 0.115743
20 0.116856 0.417692 0.329062 0.136391
20 0.199584 0.315504 0.457554 0.0273575
