25 0.429404 0.177458 0.393139 0
25 0.23586 0.442106 0.322033 0
25 0.2848 0.389666 0.325533 0
25 0.33319 0.300984 0.365827 0
25 0.270719 0.394854 0.334427 0
25 0.241511 0.455077 0.303412 0
25 0.320047 0.319297 0.338604 0.0220527
25 0.34647 0.273879 0.379651 0
25 0.344841 0.282544 0.372616 0
25 0.316808 0.389241 0.293951 0
25 0.365421 0.255345 0.379234 0
25 0.365841 0.248558 0.385601 0
25 0.34054 0.324809 0.334651 0
25 0.322205 0.345245 0.332549 0
25 0.321592 0.263705 0.414703 0
25 0.276113 0.390032 0.333855 0
25 0.347178 0.295457 0.357365 0
25 0.352411 0.334837 0.312752 0
25 0.429473 0.168373 0.402154 0
25 0.327483 0.272239 0.400278 0
25 0.337949 0.331667 0.330384 0
25 0.22514 0.492019 0.282842 0
25 0.303448 0.315905 0.380648 0
25 0.360263 0.294122 0.345615 0
25 0.324692 0.269536 0.405772 0
25 0.34522 0.231295 0.423486 0
25 0.326898 0.296003 0.3771 0
25 0.353932 0.277558 0.368511 0
25 0.2939 0.348863 0.357237 0
25 0.28975 0.3691 0.34115 0
25 0.33606 0.293487 0.370453 0
25 0.39403 0.260537 0.345433 0
25 0.243213 0.44721 0.309577 0
25 0.269971 0.384474 0.345556 0
25 0.334806 0.317118 0.348076 0
25 0.401388 0.210826 0.387786 0
25 0.246821 0.460784 0.292395 0
25 0.300369 0.330109 0.369522 0
25 0.328876 0.262723 0.408401 0
25 0.295545 0.338319 0.366136 0
25 0.306719 0.352439 0.340842 0
25 0.308871 0.31561 0.37552 0
25 0.305422 0.399799 0.294779 0
25 0.328496 0.230032 0.441472 0
25 0.491362 0.133801 0.374837 0
25 0.295459 0.367908 0.336632 0
25 0.30392 0.34896 0.34712 0
25 0.325319 0.299981 0.3747 0
25 0.308744 0.323826 0.36743 0
25 0.26934 0.366077 0.364583 0
25 0.342665 0.280934 0.376401 0
25 0.328533 0.258695 0.412772 0
25 0.43974 0.0602542 0.421289 0.0787168
25 0.280274 0.390274 0.329453 0
25 0.324919 0.309039 0.366042 0
25 0.345745 0.295586 0.358669 0
25 0.247341 0.493598 0.259061 0
25 0.299341 0.352451 0.348208 0
25 0.339133 0.272308 0.388559 0
25 0.291158 0.345344 0.363498 0
25 0.284778 0.370529 0.344694 0
25 0.269792 0.405893 0.324315 0
25 0.216849 0.476069 0.307082 0
25 0.264606 0.369844 0.36555 0
25 0.340183 0.254699 0.405117 0
25 0.333929 0.301931 0.364139 0
25 0.237609 0.447591 0.3148 0
25 0.249837 0.42153 0.328633 0
25 0.301112 0.331717 0.367171 0
25 0.360799 0.294457 0.344744 0
25 0.250031 0.382416 0.330379 0.0371743
25 0.323536 0.322657 0.353807 0
25 0.310385 0.327488 0.362127 0
25 0.283235 0.34842 0.368346 0
25 0.279445 0.406673 0.313881 0
25 0.290651 0.341214 0.368135 0
25 0.258087 0.424289 0.317624 0
25 0.301487 0.400347 0.298167 0
25 0.411025 0.191092 0.397883 0
25 0.380898 0.276938 0.342163 0
25 0.311543 0.370708 0.317749 0
25 0.25093 0.468392 0.280678 0
25 0.27194 0.388752 0.318154 0.0211539
25 0.347513 0.276383 0.376103 0
25 0.350408 0.238593 0.410999 0
25 0.2925 0.361047 0.346453 0
25 0.256962 0.427486 0.315552 0
25 0.397904 0.179492 0.404089 0.0185142
25 0.424068 0.202316 0.373616 0
25 0.316899 0.30597 0.377131 0
25 0.229172 0.442594 0.328234 0
25 0.268048 0.379729 0.352223 0
25 0.343984 0.252998 0.403018 0
25 0.234513 0.485301 0.280186 0
25 0.247727 0.495143 0.25713 0
25 0.404832 0.197239 0.397929 0
25 0.251065 0.430231 0.318703 0
25 0.320876 0.337839 0.341285 0
25 0.328256 0.315579 0.356165 0
25 0.329095 0.30843 0.362475 0
