30 0.412466 0.219894 0.36764 0
30 0.528305 0.0880731 0.383622 0
30 0.446577 0.158597 0.394826 0
30 0.500733 0.108385 0.390881 0
30 0.383295 0.264011 0.352694 0
30 0.443805 0.152394 0.382003 0.0217988
30 0.347351 0.362619 0.290031 0
30 0.477411 0.125532 0.397057 0
30 0.487765 0.147347 0.364888 0
30 0.381294 0.253329 0.365377 0
30 0.426975 0.20225 0.370774 0
30 0.48011 0.126819 0.393071 0
30 0.353747 0.289274 0.356979 0
30 0.505716 0.105797 0.388487 0
30 0.392122 0.213166 0.394713 0
30 0.438534 0.150469 0.410997 0
30 0.390923 0.278303 0.330774 0
30 0.295172 0.404105 0.300724 0
30 0.504443 0.125103 0.370454 0
30 0.434504 0.196974 0.368522 0
30 0.335941 0.33569 0.32837 0
30 0.405279 0.239221 0.342854 0.0126463
30 0.336774 0.355302 0.307925 0
30 0.334026 0.375105 0.29087 0
30 0.548407 0.0336887 0.417904 0
30 0.318993 0.368327 0.31268 0
30 0.391038 0.280981 0.327982 0
30 0.334896 0.365089 0.300015 0
30 0.469317 0.131686 0.398997 0
30 0.426345 0.202664 0.370991 0
30 0.427966 0.23197 0.340065 0
30 0.473106 0.118978 0.407915 0
30 0.359947 0.275229 0.364824 0
30 0.522926 0.0486919 0.428383 0
30 0.488341 0.148135 0.363524 0
30 0.437329 0.235242 0.327429 0
30 0.343489 0.35558 0.30093 0
30 0.363408 0.31017 0.326422 0
30 0.435363 0.263549 0.301089 0
30 0.409379 0.240415 0.350206 0
30 0.348945 0.3047 0.346355 0
30 0.464246 0.197446 0.338308 0
30 0.308532 0.447964 0.243504 0
30 0.476552 0.0899874 0.433461 0
30 0.423868 0.250576 0.325556 0
30 0.461781 0.169257 0.368962 0
30 0.426456 0.18832 0.385224 0
30 0.444194 0.211422 0.344384 0
30 0.314753 0.386349 0.298898 0
30 0.518854 0.0982406 0.382905 0
30 0.47895 0.124408 0.396642 0
30 0.467923 0.156893 0.375184 0
30 0.447211 0.154512 0.398277 0
30 0.396848 0.247147 0.356006 0
30 0.375075 0.319258 0.305667 0
30 0.51165 0.106124 0.382227 0
30 0.381408 0.259271 0.359321 0
30 0.32661 0.318564 0.330392 0.0244331
30 0.331853 0.35928 0.308867 0
30 0.511366 0.0621415 0.426492 0
30 0.505344 0.082783 0.411873 0
30 0.413307 0.26476 0.321932 0
30 0.415115 0.238861 0.346024 0
30 0.447501 0.168127 0.384373 0
30 0.313614 0.39067 0.295716 0
30 0.416101 0.239278 0.344621 0
30 0.435686 0.208372 0.355942 0
30 0.272284 0.456703 0.271013 0
30 0.335433 0.394422 0.270145 0
30 0.392612 0.25553 0.351858 0
30 0.417032 0.220318 0.36265 0
30 0.410477 0.233063 0.35646 0
30 0.34149 0.321639 0.336872 0
30 0.32734 0.373295 0.299365 0
30 0.49886 0.130189 0.370951 0
30 0.517888 0.0701472 0.385501 0.026464
30 0.421943 0.229146 0.348911 0
30 0.381623 0.272419 0.345958 0
30 0.484188 0.145531 0.370281 0
30 0.382328 0.344193 0.273479 0
30 0.442268 0.17505 0.382682 0
30 0.391932 0.22627 0.381798 0
30 0.487786 0.159486 0.352728 0
30 0.447541 0.170885 0.381574 0
30 0.305882 0.429538 0.264581 0
30 0.316325 0.380809 0.302865 0
30 0.317495 0.337429 0.345076 0
30 0.385614 0.275332 0.339053 0
30 0.397324 0.195061 0.407615 0
30 0.481182 0.139046 0.379771 0
30 0.303228 0.389569 0.307202 0
30 0.348498 0.34126 0.310242 0
30 0.490482 0.126458 0.383059 0
30 0.37456 0.263304 0.362136 0
30 0.409713 0.236776 0.353511 0
30 0.34853 0.306777 0.344693 0
30 0.250444 0.477375 0.272181 0
30 0.49761 0.158317 0.344073 0
30 0.41433 0.206786 0.378884 0
30 0.470193 0.140148 0.389659 0
