20 0.231347 0.46225 0.306403 0
20 0.239414 0.464079 0.296507 0
20 0.240849 0.440033 0.319118 0
20 0.279464 0.44481 0.275726 0
20 0.202933 0.56778 0.229287 0
20 0.201257 0.537408 0.261336 0
20 0.199549 0.532893 0.267558 0
20 0.217258 0.510098 0.272645 0
20 0.22237 0.468237 0.309393 0
20 0.241777 0.450642 0.307581 0
20 0.18325 0.569635 0.247115 0
20 0.214951 0.472086 0.312964 0
20 0.196186 0.537402 0.266411 0
20 0.239201 0.462397 0.298401 0
20 0.15487 0.609144 0.235986 0
20 0.295734 0.382531 0.321735 0
20 0.254748 0.446226 0.299025 0
20 0.16004 0.625555 0.214405 0
20 0.231164 0.453079 0.315756 0
20 0.155051 0.615491 0.229458 0
20 0.224723 0.472711 0.302566 0
20 0.242504 0.426226 0.33127 0
20 0.273002 0.398772 0.328226 0
20 0.226741 0.489928 0.28333 0
20 0.202098 0.523582 0.274321 0
20 0.282772 0.386476 0.330752 0
20 0.375579 0.24251 0.381912 0
20 0.201103 0.548441 0.250457 0
20 0.210169 0.517115 0.272716 0
20 0.167196 0.569136 0.263667 0
20 0.218984 0.500864 0.280152 0
20 0.241256 0.430471 0.328272 0
20 0.203991 0.518916 0.277093 0
20 0.211313 0.487773 0.300914 0
20 0.237284 0.509042 0.253674 0
20 0.201823 0.470179 0.327998 0
20 0.222738 0.513689 0.263573 0
20 0.16836 0.605439 0.226201 0
20 0.231635 0.46128 0.307085 0
20 0.216754 0.492038 0.291208 0
20 0.199111 0.537788 0.263101 0
20 0.219667 0.541332 0.239 0
20 0.275985 0.407958 0.316057 0
20 0.240351 0.44843 0.311219 0
20 0.304819 0.353014 0.342167 0
20 0.271087 0.452702 0.27621 0
20 0.269652 0.387662 0.342687 0
20 0.202305 0.53049 0.267205 0
20 0.230121 0.496119 0.27376 0
20 0.216297 0.48143 0.302273 0
20 0.264808 0.397217 0.337975 0
20 0.255719 0.491213 0.253068 0
20 0.239906 0.448052 0.291797 0.0202444
20 0.211169 0.532373 0.256459 0
20 0.241669 0.449812 0.308518 0
20 0.270102 0.368772 0.361126 0
20 0.227676 0.463025 0.309299 0
20 0.192776 0.551273 0.255951 0
20 0.201635 0.508987 0.276787 0.0125907
20 0.253731 0.413901 0.332368 0
20 0.23771 0.47292 0.28937 0
20 0.153369 0.600716 0.245915 0
20 0.216426 0.521868 0.261706 0
20 0.242735 0.474639 0.282626 0
20 0.204638 0.524735 0.270627 0
20 0.233355 0.464058 0.302586 0
20 0.16966 0.622047 0.208293 0
20 0.222618 0.472125 0.305256 0
20 0.212609 0.531442 0.255949 0
20 0.153764 0.634706 0.211531 0
20 0.192533 0.498931 0.308537 0
20 0.254965 0.486613 0.258423 0
20 0.208905 0.510046 0.281049 0
20 0.191478 0.556713 0.251809 0
20 0.186027 0.541834 0.272139 0
20 0.183161 0.547546 0.269293 0
20 0.206021 0.55041 0.243569 0
20 0.232145 0.467364 0.300491 0
20 0.262235 0.424797 0.312967 0
20 0.210748 0.49536 0.2805 0.0133912
20 0.27684 0.390481 0.317872 0.0148069
20 0.329903 0.335798 0.334299 0
20 0.21939 0.489148 0.291462 0
20 0.406664 0.154745 0.438591 0
20 0.198427 0.534131 0.267442 0
20 0.262057 0.431532 0.306411 0
20 0.267875 0.41839 0.313736 0
20 0.237785 0.473684 0.288531 0
20 0.338426 0.335066 0.326508 0
20 0.258703 0.410429 0.330868 0
20 0.244665 0.40834 0.346996 0
20 0.155185 0.616343 0.228472 0
20 0.246702 0.457924 0.295373 0
20 0.225185 0.487129 0.287686 0
20 0.251081 0.441772 0.307147 0
20 0.20101 0.559538 0.239452 0
20 0.201567 0.542356 0.256077 0
20 0.234081 0.471925 0.293994 0
20 0.169989 0.568181 0.251121 0.0107083
20 0.227853 0.454345 0.302122 0.0156794
