10 0.0721752 0.0622855 0.863705 0.00183467
10 0.0845268 0.000424353 0.909981 0.00506829
10 0.0830587 0.0212745 0.89406 0.00160645
10 0.0829276 0.185693 0.729077 0.00230279
10 0.067528 0.0178475 0.912013 0.00261155
10 0.0900772 0.141235 0.768347 0.000341255
10 0.0730023 0.0732783 0.84625 0.00746928
10 0.0924971 0.0978105 0.802866 0.00682689
10 0.0803902 0.0484809 0.867116 0.00401254
10 0.0713761 0.114252 0.814247 0.00012495
10 0.079823 0.079563 0.834117 0.00649672
10 0.0783548 0.159525 0.761682 0.000438289
10 0.0839986 0.0840657 0.830916 0.00102016
10 0.0719517 0.000254537 0.927766 2.82819e-05
10 0.0783087 0.276206 0.642816 0.00266951
10 0.0802652 0.198315 0.72142 0
10 0.0828159 0.00922922 0.903285 0.00466957
10 0.0629266 0.0846263 0.850978 0.00146941
10 0.0722333 0.131059 0.794176 0.00253174
10 0.0671099 0.202125 0.730716 4.90624e-05
10 0.0936085 0.0720189 0.833671 0.000701584
10 0.0880491 0.0439733 0.861997 0.00598087
10 0.0982052 0.0595552 0.83669 0.00554985
10 0.0895555 0.222471 0.68575 0.00222387
10 0.0748768 0.0355821 0.888549 0.000992037
10 0.0829997 0.158567 0.75354 0.00489339
10 0.0710735 0.129339 0.798707 0.000880229
10 0.0777325 0.152841 0.769422 3.55747e-06
10 0.0817951 0.0884285 0.824248 0.00552816
10 0.0841605 0.0326667 0.882255 0.000917992
10 0.0735474 0.0773789 0.848472 0.000601266
10 0.0889217 0.15435 0.749656 0.00707238
10 0.0876022 0.0520388 0.859603 0.000756353
10 0.096348 0.128634 0.773746 0.00127235
10 0.0729441 0.0716022 0.855427 2.64425e-05
10 0.0675912 0.0824783 0.843441 0.00648964
10 0.0713954 0.0942752 0.833567 0.000762234
10 0.0803623 0.0508792 0.866226 0.0025324
10 0.0771942 0.083955 0.833472 0.00537833
10 0.0862504 0.0963406 0.811436 0.00597287
10 0.0811543 0.0529718 0.860752 0.0051216
10 0.0838016 0.0566859 0.859438 7.41179e-05
10 0.0924861 0.180614 0.722085 0.00481484
10 0.093418 0.194694 0.710208 0.00167958
10 0.0752264 0.149561 0.771695 0.00351772
10 0.0862122 0.000361064 0.905134 0.00829246
10 0.0716306 0.0351755 0.893003 0.000190834
10 0.0780132 0.0584465 0.857573 0.00596712
10 0.0711321 0.111496 0.806201 0.0111714
10 0.0736727 0.181214 0.745076 3.7813e-05
10 0.0848109 0.101319 0.807241 0.00662913
10 0.0878797 0.0874864 0.820274 0.00435977
10 0.0695181 0.138292 0.791684 0.000506458
10 0.0840728 0.000129176 0.908903 0.00689524
10 0.0812184 0.161481 0.757292 8.33456e-06
10 0.0713308 0.0403598 0.879905 0.00840451
10 0.0839073 0.0245955 0.884434 0.00706269
10 0.0587376 0.0654298 0.874431 0.00140122
10 0.0735995 0.0927961 0.833598 6.49852e-06
10 0.0781767 0.0590281 0.862793 1.76306e-06
10 0.0689612 0.0461685 0.884089 0.000781376
10 0.0896577 0.262825 0.639251 0.00826702
10 0.0705664 0.172677 0.75497 0.0017869
10 0.0832858 0.00420042 0.906886 0.00562808
10 0.0844047 0.129703 0.781397 0.00449469
10 0.0703245 0.219923 0.706354 0.0033991
10 0.0581632 0.0556853 0.886043 0.000108704
10 0.0713085 0.26407 0.658243 0.00637887
10 0.076638 0.14351 0.778513 0.00133896
10 0.0899584 0.0970484 0.808036 0.00495729
10 0.0970649 0.126049 0.770823 0.00606246
10 0.0856483 0.159375 0.749029 0.00594684
10 0.0769835 0.0544695 0.862549 0.00599802
10 0.0904224 0.0856623 0.822763 0.00115251
10 0.0617127 0.14062 0.795124 0.00254294
10 0.0761526 0.182057 0.741742 4.8607e-05
10 0.0780696 0.0456111 0.868783 0.00753603
10 0.0718753 0.203871 0.721573 0.00268077
10 0.0809512 0.110342 0.802207 0.00649987
10 0.0783135 0 0.913751 0.00793545
10 0.073755 0.130741 0.786441 0.00906246
10 0.0656492 0.00755146 0.926014 0.000785547
10 0.072991 0.169881 0.756602 0.000525601
10 0.0785012 0.0646973 0.855632 0.00116918
10 0.0883337 0.0927501 0.791565 0.0273516
10 0.0788469 0.15473 0.766405 1.87056e-05
10 0.0756291 0.0850124 0.838395 0.000963771
10 0.0726878 0.111917 0.810613 0.00478217
10 0.0745558 0.0736093 0.850333 0.00150153
10 0.0736572 0.112948 0.805494 0.00790048
10 0.0852833 0.129215 0.780696 0.00480545
10 0.0919654 0.0661634 0.836753 0.00511809
10 0.0651965 0.111122 0.8236 8.21405e-05
10 0.0828816 0.0557724 0.855459 0.00588724
10 0.0821843 0.0685189 0.847672 0.00162502
10 0.0777034 0.0966038 0.825689 4.12115e-06
10 0.0736023 0.155615 0.767979 0.00280342
10 0.0756787 0.209549 0.714731 4.12848e-05
10 0.0826461 0.132848 0.778115 0.00639114
10 0.0786267 0.0471376 0.869403 0.00483272
