10 0.126588 0.573542 0.292925 0.00694585
10 0.0850509 0.675458 0.239481 9.78459e-06
10 0.102931 0.634396 0.255991 0.00668197
10 0.093684 0.656892 0.24742 0.00200409
10 0.0962713 0.623263 0.272861 0.00760537
10 0.088215 0.680976 0.224399 0.00641046
10 0.0942027 0.673853 0.231604 0.000340121
10 0.0879811 0.669958 0.233356 0.00870522
10 0.0950136 0.667524 0.231619 0.00584335
10 0.0868814 0.660591 0.243281 0.00924719
10 0.0973433 0.624465 0.260918 0.0172734
10 0.109682 0.633575 0.249285 0.00745874
10 0.0906444 0.682246 0.22195 0.00516049
10 0.123868 0.569189 0.30008 0.00686285
10 0.093712 0.653841 0.249344 0.00310233
10 0.0987298 0.643655 0.25299 0.00462528
10 0.081839 0.693916 0.216636 0.00760882
10 0.0687352 0.723222 0.207779 0.000264105
10 0.0963216 0.666418 0.232302 0.004959
10 0.0916523 0.691252 0.214094 0.00300251
10 0.102793 0.635954 0.249664 0.0115902
10 0.114221 0.619054 0.259208 0.00751657
10 0.0859829 0.667537 0.234191 0.0122892
10 0.0872038 0.67801 0.234434 0.000351582
10 0.0954492 0.64983 0.247307 0.00741412
10 0.089 0.636359 0.267724 0.00691703
10 0.108045 0.633941 0.251502 0.00651305
10 0.0853771 0.698122 0.216154 0.000346937
10 0.0895102 0.650262 0.253923 0.00630474
10 0.0879462 0.637862 0.262619 0.0115724
10 0.0843539 0.713557 0.201662 0.000426938
10 0.10241 0.64181 0.248663 0.00711767
10 0.100087 0.65778 0.232465 0.00966842
10 0.101432 0.643465 0.244615 0.0104878
10 0.11033 0.62293 0.262003 0.00473721
10 0.095893 0.624341 0.273698 0.00606869
10 0.0968209 0.624127 0.268454 0.0105982
10 0.0795775 0.685884 0.233397 0.00114092
10 0.095912 0.630646 0.260683 0.0127596
10 0.0966637 0.601074 0.293726 0.00853653
10 0.0888049 0.678286 0.229869 0.00304048
10 0.110333 0.590218 0.284508 0.0149416
10 0.0944513 0.660454 0.236022 0.00907349
10 0.107578 0.608881 0.275444 0.00809751
10 0.0988421 0.603706 0.279676 0.0177756
10 0.0907287 0.624493 0.268279 0.0164991
10 0.091478 0.690957 0.217449 0.000116009
10 0.0930316 0.661497 0.241232 0.00423916
10 0.0815461 0.699852 0.216375 0.00222677
10 0.106328 0.623611 0.265377 0.00468462
10 0.109177 0.61978 0.2701 0.000942335
10 0.0999583 0.648434 0.240689 0.0109186
10 0.0914812 0.655392 0.247379 0.00574816
10 0.0902786 0.66901 0.236402 0.00430969
10 0.0908283 0.645463 0.256339 0.00736979
10 0.104536 0.642226 0.24802 0.00521864
10 0.101403 0.615659 0.276444 0.0064936
10 0.0962413 0.670129 0.233213 0.000416477
10 0.093957 0.640252 0.238719 0.0270712
10 0.103529 0.616294 0.272416 0.00776
10 0.104633 0.618252 0.273449 0.00366644
10 0.102762 0.625317 0.25447 0.0174507
10 0.0955839 0.605751 0.290745 0.00792027
10 0.0964744 0.640173 0.25468 0.00867243
10 0.114365 0.622068 0.257686 0.00588165
10 0.0819825 0.685625 0.231446 0.000946346
10 0.118904 0.565858 0.301522 0.0137167
10 0.10899 0.603422 0.275866 0.0117219
10 0.10037 0.635612 0.253873 0.0101452
10 0.0839439 0.676487 0.239051 0.000518672
10 0.0859599 0.6838 0.229055 0.00118453
10 0.0923678 0.673779 0.231383 0.00247018
10 0.101809 0.642942 0.247848 0.00740142
10 0.0891461 0.658393 0.245003 0.00745859
10 0.104678 0.626453 0.263824 0.0050449
10 0.0912922 0.694205 0.206293 0.00820946
10 0.0913584 0.649669 0.251372 0.00760033
10 0.092975 0.639453 0.259195 0.00837677
10 0.103251 0.6403 0.250242 0.00620654
10 0.0867368 0.668934 0.238977 0.00535169
10 0.104116 0.598708 0.289981 0.00719526
10 0.0928842 0.676042 0.229876 0.00119731
10 0.115994 0.604708 0.274687 0.00461115
10 0.0906593 0.660868 0.230804 0.0176694
10 0.0857547 0.644593 0.268351 0.0013019
10 0.0923489 0.627442 0.262768 0.017441
10 0.123389 0.567037 0.29163 0.0179448
10 0.112809 0.604445 0.275153 0.00759277
10 0.0781975 0.700567 0.220727 0.000508634
10 0.101047 0.639608 0.254286 0.00505946
10 0.117058 0.587902 0.285965 0.0090751
10 0.0997264 0.654106 0.242483 0.00368396
10 0.0900642 0.697991 0.211527 0.000418024
10 0.112019 0.585078 0.296447 0.00645584
10 0.10024 0.626028 0.271851 0.0018805
10 0.0989382 0.649185 0.247322 0.00455419
10 0.0946359 0.654647 0.241276 0.00944047
10 0.0747113 0.695148 0.229839 0.00030114
10 0.112816 0.60422 0.275391 0.00757209
10 0.0975457 0.651726 0.244087 0.00664087
