15 0.126985 0.532507 0.340508 0
15 0.126378 0.511222 0.3624 0
15 0.0993064 0.57978 0.320914 0
15 0.118634 0.457404 0.423962 0
15 0.145616 0.400536 0.453848 0
15 0.104396 0.49677 0.398834 0
15 0.150064 0.415711 0.434225 0
15 0.123712 0.509751 0.366537 0
15 0.142701 0.488911 0.368388 0
15 0.117417 0.470344 0.41224 0
15 0.137789 0.350582 0.409114 0.102514
15 0.12433 0.487336 0.388334 0
15 0.121085 0.513313 0.365602 0
15 0.122621 0.503891 0.373488 0
15 0.144757 0.461846 0.393397 0
15 0.123902 0.450068 0.42603 0
15 0.138048 0.45469 0.407262 0
15 0.105105 0.472262 0.422633 0
15 0.181358 0.405966 0.412676 0
15 0.144827 0.528601 0.326572 0
15 0.114609 0.563331 0.32206 0
15 0.145883 0.434456 0.419661 0
15 0.138957 0.413936 0.447107 0
15 0.132976 0.47372 0.393304 0
15 0.170134 0.435264 0.394602 0
15 0.0885284 0.541808 0.369663 0
15 0.224049 0.440868 0.335083 0
15 0.317754 0.376346 0.299059 0.00684011
15 0.115516 0.499638 0.384846 0
15 0.152097 0.337502 0.510402 0
15 0.159179 0.503288 0.337534 0
15 0.113645 0.534554 0.331899 0.0199013
15 0.108643 0.533972 0.357384 0
15 0.0873914 0.579053 0.333556 0
15 0.123711 0.532846 0.343442 0
15 0.105367 0.432622 0.462012 0
15 0.110169 0.578938 0.310892 0
15 0.116813 0.530064 0.353123 0
15 0.101342 0.482489 0.416169 0
15 0.123405 0.475514 0.401081 0
15 0.185311 0.397127 0.417562 0
15 0.121856 0.488721 0.389423 0
15 0.122906 0.587574 0.289521 0
15 0.11063 0.47083 0.41854 0
15 0.146676 0.468932 0.384392 0
15 0.14623 0.423531 0.430239 0
15 0.394955 0.259801 0.345244 0
15 0.105418 0.481835 0.412747 0
15 0.202529 0.40895 0.388521 0
15 0.136141 0.431704 0.432155 0
15 0.105251 0.519845 0.374904 0
15 0.130944 0.503118 0.365939 0
15 0.112661 0.510341 0.376997 0
15 0.115645 0.494866 0.38949 0
15 0.171163 0.419226 0.409611 0
15 0.128567 0.452187 0.419245 0
15 0.236874 0.411032 0.352094 0
15 0.139387 0.391977 0.468636 0
15 0.15102 0.507776 0.341204 0
15 0.172329 0.403972 0.4237 0
15 0.094065 0.557393 0.348542 0
15 0.123754 0.478253 0.397993 0
15 0.184227 0.378619 0.437154 0
15 0.178962 0.493912 0.327125 0
15 0.0697605 0.501333 0.428907 0
15 0.131855 0.507341 0.333155 0.0276478
15 0.142975 0.483499 0.373526 0
15 0.102939 0.545868 0.351194 0
15 0.115975 0.505802 0.378222 0
15 0.105092 0.448008 0.402836 0.044064
15 0.140862 0.495009 0.364129 0
15 0.0927214 0.479621 0.427658 0
15 0.0957647 0.443842 0.460394 0
15 0.119223 0.486537 0.39424 0
15 0.146066 0.433128 0.420806 0
15 0.108118 0.452612 0.43927 0
15 0.13197 0.479407 0.388624 0
15 0.11121 0.492233 0.387317 0.00923997
15 0.13789 0.486348 0.375762 0
15 0.136746 0.438965 0.42429 0
15 0.282937 0.34033 0.376733 0
15 0.114723 0.463369 0.421908 0
15 0.0987302 0.60902 0.29225 0
15 0.112738 0.492243 0.395019 0
15 0.233882 0.409493 0.356625 0
15 0.108542 0.550073 0.341385 0
15 0.121802 0.508864 0.362168 0.00716484
15 0.0904562 0.471717 0.386352 0.0514749
15 0.13811 0.44756 0.41433 0
15 0.12604 0.462593 0.411367 0
15 0.117281 0.50374 0.378979 0
15 0.100919 0.388999 0.480777 0.0293053
15 0.11914 0.558538 0.322322 0
15 0.101198 0.532576 0.366226 0
15 0.128299 0.466388 0.322863 0.0824511
15 0.0911494 0.550794 0.358057 0
15 0.119966 0.58016 0.299874 0
15 0.152967 0.513572 0.333461 0
15 0.122917 0.476645 0.400437 0
15 0.166938 0.426201 0.406861 0
