30 0.204355 0.35449 0.441155 0
30 0.203632 0.363364 0.433004 0
30 0.139146 0.428553 0.432301 0
30 0.143949 0.33124 0.524811 0
30 0.155175 0.433368 0.411457 0
30 0.225576 0.317872 0.456551 0
30 0.165166 0.338173 0.496661 0
30 0.249724 0.312673 0.437603 0
30 0.151788 0.356924 0.461904 0.0293842
30 0.193508 0.298724 0.507768 0
30 0.271242 0.164025 0.467737 0.0969969
30 0.173023 0.376442 0.450535 0
30 0.24794 0.280146 0.471914 0
30 0.137192 0.446936 0.415872 0
30 0.240329 0.27241 0.487261 0
30 0.136985 0.413946 0.449069 0
30 0.222747 0.422777 0.354476 0
30 0.14803 0.421264 0.430707 0
30 0.313263 0.236554 0.450184 0
30 0.219527 0.149231 0.553911 0.0773304
30 0.221486 0.184658 0.593856 0
30 0.205376 0.255385 0.539239 0
30 0.190572 0.369417 0.440011 0
30 0.214673 0.221603 0.563723 0
30 0.267371 0.200568 0.532062 0
30 0.159386 0.423824 0.41679 0
30 0.207154 0.307104 0.485742 0
30 0.229422 0.268193 0.502385 0
30 0.216988 0.310206 0.472807 0
30 0.225712 0.170825 0.603463 0
30 0.172122 0.32959 0.498288 0
30 0.123208 0.51467 0.362121 0
30 0.173775 0.370968 0.455257 0
30 0.209378 0.356187 0.434435 0
30 0.148229 0.408271 0.443501 0
30 0.223418 0.216081 0.560501 0
30 0.264839 0.228396 0.506765 0
30 0.167402 0.383881 0.448717 0
30 0.186964 0.379134 0.433902 0
30 0.20155 0.346538 0.451912 0
30 0.24706 0.235167 0.517774 0
30 0.172515 0.358613 0.468872 0
30 0.197678 0.27149 0.530832 0
30 0.161856 0.302318 0.535826 0
30 0.155772 0.453412 0.390816 0
30 0.211967 0.27178 0.516252 0
30 0.24386 0.206676 0.549464 0
30 0.189879 0.318153 0.491967 0
30 0.200972 0.298608 0.50042 0
30 0.0908009 0.542197 0.367002 0
30 0.144115 0.413122 0.442764 0
30 0.172723 0.38147 0.445807 0
30 0.24781 0.350303 0.37456 0.0273275
30 0.162382 0.332114 0.505503 0
30 0.124338 0.452211 0.423451 0
30 0.218323 0.33288 0.448797 0
30 0.219854 0.330061 0.450085 0
30 0.107419 0.444317 0.448264 0
30 0.176878 0.269778 0.553344 0
30 0.284753 0.129702 0.585545 0
30 0.171105 0.417906 0.410988 0
30 0.248036 0.277619 0.474345 0
30 0.172271 0.420271 0.407459 0
30 0.258721 0.264713 0.476566 0
30 0.25522 0.247132 0.497648 0
30 0.306479 0.235582 0.457939 0
30 0.13986 0.368598 0.491542 0
30 0.142769 0.502846 0.354385 0
30 0.130986 0.422668 0.446346 0
30 0.213918 0.284218 0.501864 0
30 0.198042 0.378322 0.423636 0
30 0.228968 0.225127 0.545905 0
30 0.162828 0.301156 0.536016 0
30 0.164501 0.488656 0.346843 0
30 0.266853 0.237572 0.495575 0
30 0.174809 0.324947 0.500244 0
30 0.175776 0.304618 0.519605 0
30 0.112419 0.502775 0.384806 0
30 0.200398 0.348675 0.450927 0
30 0.22298 0.27761 0.49941 0
30 0.226756 0.293653 0.479591 0
30 0.154059 0.362616 0.483325 0
30 0.179451 0.296612 0.523937 0
30 0.113505 0.395607 0.439368 0.0515207
30 0.345379 0.127457 0.527164 0
30 0.224957 0.151873 0.62317 0
30 0.17928 0.367375 0.453345 0
30 0.137939 0.46799 0.39407 0
30 0.261052 0.228503 0.510446 0
30 0.282175 0.192069 0.525756 0
30 0.204231 0.320971 0.474798 0
30 0.23921 0.167591 0.593199 0
30 0.209294 0.297723 0.492984 0
30 0.2447 0.296614 0.458686 0
30 0.217792 0.304037 0.478171 0
30 0.251706 0.217581 0.530713 0
30 0.114908 0.457817 0.427275 0
30 0.201118 0.326023 0.472859 0
30 0.250109 0.256264 0.493627 0
30 0.386817 0.0137158 0.599468 0
