30 0.452811 0.175501 0.371687 0
30 0.255045 0.4835 0.261455 0
30 0.425333 0.204337 0.37033 0
30 0.50883 0.0772395 0.41393 0
30 0.396272 0.255957 0.347771 0
30 0.436547 0.165158 0.398295 0
30 0.34201 0.355783 0.299531 0.00267684
30 0.329049 0.36425 0.306702 0
30 0.306628 0.347855 0.300062 0.0454553
30 0.513538 0.0553476 0.431114 0
30 0.387568 0.278229 0.334202 0
30 0.504106 0.117206 0.378688 0
30 0.375925 0.256595 0.367481 0
30 0.48094 0.113332 0.405728 0
30 0.259134 0.497154 0.243712 0
30 0.416746 0.26287 0.320384 0
30 0.404837 0.267275 0.327888 0
30 0.338362 0.333788 0.327849 0
30 0.402053 0.23702 0.360927 0
30 0.326606 0.379543 0.293852 0
30 0.388588 0.183488 0.386572 0.0413518
30 0.469568 0.125438 0.404994 0
30 0.369833 0.315425 0.314742 0
30 0.329486 0.412036 0.258478 0
30 0.456347 0.165245 0.378408 0
30 0.385396 0.308057 0.306547 0
30 0.499175 0.160578 0.340246 0
30 0.302931 0.379191 0.317877 0
30 0.444502 0.182378 0.37312 0
30 0.313237 0.366105 0.315043 0.00561468
30 0.508811 0.104178 0.387011 0
30 0.477573 0.151401 0.371027 0
30 0.317362 0.381649 0.300988 0
30 0.398932 0.284473 0.316595 0
30 0.434024 0.182017 0.383959 0
30 0.299612 0.409837 0.290551 0
30 0.323283 0.365776 0.310941 0
30 0.380218 0.254494 0.365288 0
30 0.3455 0.327343 0.327157 0
30 0.448945 0.174818 0.376237 0
30 0.484809 0.0661187 0.408798 0.0402738
30 0.365071 0.27259 0.362338 0
30 0.437442 0.209911 0.352648 0
30 0.36967 0.277895 0.352435 0
30 0.355674 0.295366 0.34896 0
30 0.444806 0.215428 0.339767 0
30 0.483531 0.118346 0.398122 0
30 0.529612 0.0841619 0.386227 0
30 0.289722 0.432332 0.277946 0
30 0.458067 0.189585 0.352348 0
30 0.458121 0.184173 0.357707 0
30 0.330804 0.345199 0.323997 0
30 0.308693 0.353346 0.312633 0.025328
30 0.360268 0.335537 0.304195 0
30 0.356615 0.307973 0.335412 0
30 0.421729 0.222379 0.355892 0
30 0.470903 0.17191 0.357187 0
30 0.376999 0.266473 0.356528 0
30 0.426125 0.247558 0.326318 0
30 0.35492 0.325545 0.319535 0
30 0.589871 0.0344146 0.375714 0
30 0.3898 0.240058 0.370141 0
30 0.483707 0.115768 0.400525 0
30 0.309139 0.435204 0.255657 0
30 0.51627 0.0777162 0.406014 0
30 0.39823 0.279187 0.322583 0
30 0.47857 0.160499 0.360932 0
30 0.365376 0.287129 0.347496 0
30 0.409891 0.180394 0.409715 0
30 0.425278 0.212044 0.362678 0
30 0.273226 0.422061 0.28742 0.0172931
30 0.383165 0.276991 0.339844 0
30 0.368241 0.315356 0.316403 0
30 0.485782 0.113857 0.400362 0
30 0.43143 0.176481 0.392089 0
30 0.408221 0.234238 0.357541 0
30 0.458532 0.176151 0.365317 0
30 0.403265 0.250006 0.346729 0
30 0.364635 0.279084 0.356281 0
30 0.393847 0.251676 0.354478 0
30 0.349235 0.340632 0.310134 0
30 0.412915 0.23122 0.355866 0
30 0.33439 0.352665 0.29657 0.0163749
30 0.402409 0.244433 0.353158 0
30 0.343785 0.334989 0.321225 0
30 0.50504 0.0777466 0.417214 0
30 0.373697 0.30064 0.325663 0
30 0.249934 0.471071 0.278995 0
30 0.442308 0.136282 0.42141 0
30 0.41398 0.236633 0.349387 0
30 0.354795 0.344059 0.273319 0.0278275
30 0.427238 0.242719 0.330043 0
30 0.428318 0.162527 0.409155 0
30 0.321088 0.381086 0.297826 0
30 0.344112 0.348893 0.306995 0
30 0.466684 0.200729 0.332587 0
30 0.388769 0.284245 0.326986 0
30 0.453171 0.139875 0.406954 0
30 0.333384 0.347004 0.319611 0
30 0.39511 0.290299 0.314591 0
