30 0.36813 0.275704 0.356167 0
30 0.357471 0.237295 0.405234 0
30 0.405235 0.18815 0.406615 0
30 0.358514 0.231634 0.409852 0
30 0.490289 0.0949634 0.414748 0
30 0.290096 0.370042 0.339862 0
30 0.439359 0.104129 0.456512 0
30 0.328864 0.29428 0.376856 0
30 0.391655 0.220506 0.387838 0
30 0.380833 0.222865 0.396302 0
30 0.245844 0.50855 0.240272 0.00533438
30 0.275796 0.404115 0.30556 0.0145297
30 0.364166 0.23066 0.405174 0
30 0.281083 0.373063 0.345854 0
30 0.326334 0.315492 0.358174 0
30 0.349911 0.230661 0.419428 0
30 0.366389 0.272089 0.361522 0
30 0.389736 0.287901 0.322363 0
30 0.345969 0.287348 0.366683 0
30 0.490212 0.077914 0.431874 0
30 0.385617 0.225732 0.388651 0
30 0.286016 0.404555 0.309429 0
30 0.278435 0.402538 0.319027 0
30 0.393695 0.196198 0.410107 0
30 0.497679 0.0769681 0.425353 0
30 0.368297 0.273619 0.358084 0
30 0.393308 0.229462 0.377229 0
30 0.470182 0.0897292 0.440089 0
30 0.345495 0.303894 0.350612 0
30 0.53334 0.00741945 0.459241 0
30 0.307703 0.398116 0.294181 0
30 0.364485 0.248018 0.387496 0
30 0.366278 0.283484 0.350238 0
30 0.293533 0.417147 0.28932 0
30 0.342824 0.285359 0.371817 0
30 0.431707 0.145237 0.423056 0
30 0.442063 0.208738 0.349199 0
30 0.405376 0.175033 0.419591 0
30 0.295343 0.373227 0.331429 0
30 0.395993 0.211082 0.392925 0
30 0.447504 0.11638 0.410989 0.0251269
30 0.4787 0.105143 0.416157 0
30 0.330863 0.316413 0.347816 0.00490696
30 0.312492 0.362608 0.3249 0
30 0.350001 0.244692 0.405307 0
30 0.445643 0.170013 0.384344 0
30 0.394151 0.167074 0.438775 0
30 0.476987 0.103045 0.419969 0
30 0.320208 0.301097 0.378695 0
30 0.368898 0.277453 0.353649 0
30 0.396509 0.225051 0.37844 0
30 0.383863 0.234687 0.38145 0
30 0.284795 0.355773 0.359432 0
30 0.31165 0.320778 0.367573 0
30 0.324922 0.35487 0.320208 0
30 0.30513 0.34692 0.34795 0
30 0.226694 0.498029 0.275278 0
30 0.381592 0.2604 0.358008 0
30 0.428804 0.160381 0.410814 0
30 0.363782 0.270149 0.366068 0
30 0.436983 0.168578 0.394439 0
30 0.333355 0.281524 0.385121 0
30 0.344402 0.312695 0.33217 0.010733
30 0.504024 0.0438786 0.452097 0
30 0.381446 0.250946 0.367608 0
30 0.363546 0.265317 0.371137 0
30 0.303993 0.384286 0.311721 0
30 0.374142 0.215014 0.410844 0
30 0.33813 0.322142 0.339728 0
30 0.338329 0.294385 0.367286 0
30 0.356238 0.297848 0.345914 0
30 0.25503 0.410193 0.334776 0
30 0.333278 0.336171 0.330552 0
30 0.342891 0.255687 0.401422 0
30 0.379974 0.250075 0.369951 0
30 0.377529 0.227797 0.361012 0.0336623
30 0.370217 0.282257 0.347526 0
30 0.397054 0.228688 0.374258 0
30 0.246064 0.445101 0.308835 0
30 0.389832 0.252313 0.357856 0
30 0.336324 0.262785 0.400891 0
30 0.349709 0.290188 0.360103 0
30 0.47451 0.0755621 0.449928 0
30 0.346906 0.308663 0.344432 0
30 0.378823 0.22321 0.397967 0
30 0.401736 0.164932 0.433333 0
30 0.493794 0.0849412 0.421265 0
30 0.420376 0.177388 0.402236 0
30 0.372775 0.280439 0.346787 0
30 0.338753 0.29106 0.370187 0
30 0.392812 0.235425 0.371763 0
30 0.283521 0.361435 0.355044 0
30 0.409468 0.200352 0.39018 0
30 0.32507 0.333196 0.341734 0
30 0.275223 0.366392 0.358385 0
30 0.446888 0.122522 0.43059 0
30 0.44535 0.17078 0.38387 0
30 0.305489 0.313818 0.35351 0.0271834
30 0.330147 0.306661 0.363192 0
30 0.382847 0.252682 0.36447 0
