15 0.110661 0.207651 0.680301 0.00138601
15 0.12683 0 0.867721 0.00544956
15 0.112604 0.000113713 0.886751 0.000531659
15 0.119001 0.00284064 0.878158 0
15 0.116531 0.0848066 0.798617 4.54913e-05
15 0.148928 0.102458 0.747155 0.00145959
15 0.134665 0.145019 0.720205 0.000111368
15 0.11052 0.143798 0.745625 5.7153e-05
15 0.141951 0.164075 0.69188 0.0020949
15 0.163193 0.0128484 0.816747 0.00721189
15 0.161226 0.0791488 0.756663 0.00296135
15 0.141612 0.0147126 0.842725 0.00095036
15 0.130206 0.0681015 0.801115 0.00057796
15 0.187388 0.0644362 0.743419 0.0047566
15 0.131408 0.169211 0.692318 0.00706355
15 0.128174 0.113241 0.75374 0.00484507
15 0.123445 0 0.876516 3.88736e-05
15 0.152182 0.12672 0.719926 0.00117226
15 0.110636 0.0203953 0.867254 0.00171529
15 0.165096 0.0377538 0.792794 0.00435631
15 0.141776 0.221681 0.633005 0.00353814
15 0.11539 0.140378 0.735566 0.00866601
15 0.134495 0.0196118 0.83961 0.00628322
15 0.143156 0.00161002 0.850172 0.00506157
15 0.167793 0.106483 0.721047 0.00467717
15 0.139928 0.0927069 0.764502 0.00286257
15 0.141385 0.0808633 0.771914 0.00583822
15 0.129598 0.000977241 0.865097 0.00432793
15 0.134163 0.0510838 0.812534 0.00221974
15 0.12491 0.0832865 0.791758 4.5686e-05
15 0.149441 0.062999 0.779661 0.0078987
15 0.115796 0.0854248 0.797988 0.000790924
15 0.1269 0.16605 0.704825 0.00222476
15 0.118064 0.00144118 0.879587 0.000908289
15 0.120622 0.103969 0.775298 0.000111538
15 0.131578 0.167241 0.692613 0.00856701
15 0.132787 0.131255 0.732993 0.00296528
15 0.124931 0.214826 0.659655 0.0005885
15 0.117461 0.0858355 0.796112 0.000590997
15 0.15108 0.0824236 0.761144 0.00535291
15 0.130371 0.0387879 0.827696 0.00314465
15 0.116088 0.148287 0.728552 0.00707271
15 0.147694 0.275952 0.576178 0.000176342
15 0.138598 0.0216965 0.834088 0.00561756
15 0.117186 0.10854 0.773677 0.000596978
15 0.133979 0.101863 0.758957 0.00520157
15 0.171904 0.072236 0.753586 0.00227381
15 0.145588 0 0.848317 0.00609531
15 0.134691 0.0530611 0.812199 4.87531e-05
15 0.126739 0.0982581 0.774439 0.000563277
15 0.174834 0.0742085 0.745955 0.00500232
15 0.136689 0.0111579 0.845483 0.00667019
15 0.127265 0.0772584 0.789844 0.00563245
15 0.135819 0.148513 0.713587 0.0020816
15 0.131591 0.0798918 0.788469 4.76895e-05
15 0.136461 0.114923 0.747733 0.000883299
15 0.141615 0.0700144 0.78306 0.00531051
15 0.141357 0.0404613 0.818182 0
15 0.117067 0 0.882497 0.000436587
15 0.144954 0.0728934 0.773762 0.00839057
15 0.124072 0.0687591 0.797288 0.00988111
15 0.13123 0.0766992 0.789658 0.00241224
15 0.108696 0.183353 0.706969 0.000982642
15 0.13255 0.000383666 0.866745 0.000321715
15 0.139213 0.0041869 0.851284 0.00531567
15 0.124016 0.0767654 0.797545 0.00167283
15 0.121139 0 0.875305 0.00355667
15 0.121802 0.0102081 0.865569 0.00242074
15 0.148228 0.12448 0.721023 0.00626969
15 0.132224 0.106625 0.75959 0.00156031
15 0.148314 0.124572 0.720899 0.00621572
15 0.143386 0.0798179 0.772767 0.00402868
15 0.129658 0.0753851 0.794095 0.000862599
15 0.148025 0.0760776 0.773044 0.00285431
15 0.11902 0.157708 0.722991 0.000281141
15 0.117939 0.0103188 0.871716 2.64233e-05
15 0.128889 0.0793499 0.787928 0.00383255
15 0.13494 0.0821276 0.78238 0.000552665
15 0.13431 0.00441982 0.859101 0.00216933
15 0.116901 0.0577435 0.825214 0.000141338
15 0.139868 0.244667 0.61397 0.00149466
15 0.130072 0.00535552 0.862741 0.00183177
15 0.124768 0.0495382 0.820994 0.00469976
15 0.122024 0.0419372 0.831674 0.00436445
15 0.132555 0.0192763 0.843688 0.00448131
15 0.110092 0.140838 0.749007 6.32923e-05
15 0.122407 0.0049678 0.867447 0.00517812
15 0.142071 0.0799488 0.774102 0.00387834
15 0.15332 0.127486 0.714741 0.00445282
15 0.134959 0.0618625 0.799847 0.00333098
15 0.140695 0.0527813 0.801801 0.00472259
15 0.121303 0.000230216 0.878454 1.27392e-05
15 0.118312 0.0298161 0.844185 0.00768729
15 0.149817 0.00300938 0.841848 0.00532561
15 0.135299 0.125496 0.734947 0.00425845
15 0.141119 0.122566 0.734526 0.00178899
15 0.134194 0.161774 0.703965 6.63905e-05
15 0.145548 0.100138 0.749444 0.00486947
15 0.137871 0.228168 0.633769 0.000192845
15 0.141969 0.107295 0.750232 0.000504408
