25 0.338741 0.339599 0.32166 0
25 0.321245 0.346154 0.332601 0
25 0.232636 0.487722 0.279642 0
25 0.254294 0.45501 0.290696 0
25 0.306227 0.420135 0.273639 0
25 0.375845 0.302317 0.321838 0
25 0.325095 0.374633 0.300272 0
25 0.236371 0.48914 0.27449 0
25 0.38029 0.265244 0.354466 0
25 0.324933 0.360153 0.314915 0
25 0.37596 0.309524 0.314516 0
25 0.403996 0.254963 0.341042 0
25 0.350808 0.297623 0.35157 0
25 0.371827 0.267524 0.360649 0
25 0.415096 0.236242 0.348662 0
25 0.354718 0.335245 0.310037 0
25 0.503103 0.131802 0.365095 0
25 0.31713 0.351472 0.331398 0
25 0.303271 0.387455 0.309273 0
25 0.302596 0.415933 0.281472 0
25 0.290553 0.40753 0.301917 0
25 0.485492 0.112226 0.402282 0
25 0.269892 0.408876 0.321232 0
25 0.349738 0.319798 0.330464 0
25 0.319759 0.350401 0.310221 0.0196191
25 0.358886 0.31386 0.327254 0
25 0.314599 0.328974 0.356427 0
25 0.305325 0.41346 0.281215 0
25 0.437692 0.211902 0.350407 0
25 0.301825 0.370348 0.327826 0
25 0.259343 0.426582 0.314075 0
25 0.28899 0.4224 0.28861 0
25 0.406787 0.231594 0.361618 0
25 0.255567 0.512696 0.231737 0
25 0.275775 0.442141 0.277413 0.00467122
25 0.273774 0.409622 0.316604 0
25 0.32162 0.330743 0.347637 0
25 0.297023 0.363359 0.339618 0
25 0.392891 0.265612 0.341497 0
25 0.309656 0.386855 0.303489 0
25 0.369612 0.286173 0.344215 0
25 0.362374 0.255517 0.382109 0
25 0.350045 0.295533 0.354422 0
25 0.321195 0.356488 0.307165 0.0151524
25 0.276497 0.402189 0.321314 0
25 0.335651 0.308005 0.356344 0
25 0.305243 0.353369 0.341387 0
25 0.302727 0.386538 0.310735 0
25 0.442326 0.173675 0.384 0
25 0.264249 0.434437 0.301314 0
25 0.235813 0.457291 0.306896 0
25 0.228543 0.503959 0.267498 0
25 0.391583 0.276827 0.331589 0
25 0.282378 0.424229 0.293393 0
25 0.357222 0.319476 0.323302 0
25 0.330287 0.328445 0.341268 0
25 0.346784 0.242564 0.378919 0.0317339
25 0.350305 0.26478 0.384915 0
25 0.260147 0.451187 0.288666 0
25 0.357939 0.363774 0.278287 0
25 0.331696 0.346362 0.321942 0
25 0.367682 0.280737 0.351581 0
25 0.31958 0.362822 0.305613 0.0119855
25 0.291448 0.438037 0.270515 0
25 0.341592 0.328923 0.329485 0
25 0.27121 0.399448 0.329342 0
25 0.33178 0.364762 0.303458 0
25 0.338501 0.359952 0.301547 0
25 0.253328 0.457909 0.288763 0
25 0.316027 0.396524 0.287449 0
25 0.287264 0.402092 0.310644 0
25 0.311914 0.374422 0.313664 0
25 0.285113 0.405836 0.309052 0
25 0.326897 0.34175 0.331352 0
25 0.407337 0.244644 0.348019 0
25 0.38357 0.28184 0.33459 0
25 0.323378 0.328663 0.347959 0
25 0.305629 0.3775 0.316871 0
25 0.23973 0.515415 0.244855 0
25 0.280415 0.421433 0.298153 0
25 0.459148 0.176906 0.363946 0
25 0.242016 0.462941 0.279671 0.0153719
25 0.292485 0.400975 0.306541 0
25 0.339899 0.284944 0.375157 0
25 0.332987 0.362298 0.304716 0
25 0.413391 0.21755 0.369059 0
25 0.397556 0.234179 0.368264 0
25 0.294323 0.372606 0.333071 0
25 0.303827 0.381201 0.314972 0
25 0.263323 0.426231 0.295717 0.0147286
25 0.26878 0.471871 0.259349 0
25 0.313518 0.404447 0.282035 0
25 0.239448 0.468042 0.29251 0
25 0.305124 0.369007 0.32587 0
25 0.343565 0.326667 0.329767 0
25 0.509218 0.0964908 0.394292 0
25 0.275435 0.434036 0.290529 0
25 0.499565 0.0964082 0.404027 0
25 0.378932 0.277983 0.343085 0
25 0.444534 0.236475 0.318991 0
