15 0.148117 0.624226 0.227657 0
15 0.185611 0.530089 0.2843 0
15 0.119538 0.638907 0.241555 0
15 0.122684 0.634676 0.24264 0
15 0.146307 0.58639 0.267303 0
15 0.173722 0.561506 0.264772 0
15 0.165443 0.570735 0.263822 0
15 0.144304 0.590723 0.264973 0
15 0.147225 0.596264 0.256511 0
15 0.17998 0.566079 0.25394 0
15 0.129231 0.633964 0.236805 0
15 0.166567 0.548506 0.284927 0
15 0.144837 0.633785 0.221378 0
15 0.100609 0.714304 0.185087 0
15 0.130792 0.621833 0.247375 0
15 0.167926 0.536724 0.29535 0
15 0.199375 0.460331 0.340295 0
15 0.0938333 0.72028 0.185887 0
15 0.1525 0.607841 0.239659 0
15 0.140632 0.59929 0.260078 0
15 0.129476 0.621368 0.249156 0
15 0.15894 0.603618 0.237442 0
15 0.179774 0.541442 0.278783 0
15 0.130362 0.63765 0.231988 0
15 0.136138 0.619518 0.244344 0
15 0.114114 0.65866 0.227226 0
15 0.145473 0.597299 0.257228 0
15 0.153687 0.582637 0.263676 0
15 0.127642 0.627129 0.245228 0
15 0.149787 0.606197 0.244016 0
15 0.120163 0.680898 0.198939 0
15 0.134912 0.63934 0.225748 0
15 0.212498 0.477978 0.309524 0
15 0.112536 0.667872 0.213943 0.00564931
15 0.1153 0.64361 0.241091 0
15 0.131673 0.61275 0.255577 0
15 0.127349 0.612742 0.259909 0
15 0.118708 0.660518 0.220774 0
15 0.17892 0.537372 0.283708 0
15 0.16617 0.564065 0.269764 0
15 0.151022 0.582623 0.251365 0.0149892
15 0.113147 0.623541 0.239381 0.0239312
15 0.153481 0.566419 0.2801 0
15 0.10475 0.670779 0.224471 0
15 0.178637 0.542426 0.278937 0
15 0.137565 0.602777 0.259658 0
15 0.151916 0.563058 0.285027 0
15 0.123646 0.654706 0.221648 0
15 0.125596 0.643304 0.2311 0
15 0.179238 0.548291 0.272471 0
15 0.0953895 0.720207 0.184404 0
15 0.177584 0.500066 0.322351 0
15 0.133463 0.624147 0.233914 0.00847636
15 0.185766 0.511984 0.286401 0.0158499
15 0.127822 0.620641 0.251537 0
15 0.184884 0.514871 0.300245 0
15 0.120121 0.655951 0.223929 0
15 0.116951 0.648105 0.234944 0
15 0.124787 0.634893 0.24032 0
15 0.14106 0.620367 0.238574 0
15 0.158508 0.575129 0.266363 0
15 0.139725 0.66297 0.197305 0
15 0.133695 0.633482 0.232823 0
15 0.136675 0.620885 0.24244 0
15 0.125711 0.640616 0.233672 0
15 0.112865 0.631432 0.255703 0
15 0.137776 0.622122 0.240102 0
15 0.119812 0.654979 0.225209 0
15 0.200869 0.49918 0.299951 0
15 0.120938 0.668392 0.198295 0.0123754
15 0.206216 0.489358 0.304426 0
15 0.164517 0.606374 0.229109 0
15 0.13559 0.643104 0.221306 0
15 0.150258 0.604183 0.245559 0
15 0.170507 0.61806 0.211433 0
15 0.123405 0.667261 0.209334 0
15 0.152418 0.593585 0.253997 0
15 0.106835 0.698814 0.194351 0
15 0.169219 0.588439 0.242342 0
15 0.125298 0.619288 0.239233 0.0161816
15 0.135403 0.620766 0.243831 0
15 0.155169 0.581001 0.263829 0
15 0.143312 0.613182 0.243506 0
15 0.129665 0.654724 0.215611 0
15 0.188904 0.537891 0.273205 0
15 0.117423 0.657834 0.224743 0
15 0.173741 0.541503 0.284756 0
15 0.138537 0.635839 0.225624 0
15 0.131767 0.654941 0.213292 0
15 0.109673 0.694152 0.196175 0
15 0.156005 0.608488 0.235507 0
15 0.101593 0.694021 0.204386 0
15 0.161692 0.566398 0.27191 0
15 0.175681 0.595549 0.22877 0
15 0.203573 0.499332 0.297095 0
15 0.141805 0.551283 0.293435 0.0134775
15 0.26242 0.446721 0.290859 0
15 0.186173 0.522291 0.291536 0
15 0.142758 0.629231 0.228011 0
15 0.13451 0.641965 0.223525 0
