30 0.33327 0.303936 0.362793 0
30 0.470858 0.175502 0.35364 0
30 0.456185 0.152946 0.390869 0
30 0.40622 0.226895 0.366885 0
30 0.402989 0.255142 0.34187 0
30 0.483246 0.105231 0.411524 0
30 0.451993 0.2386 0.309408 0
30 0.476495 0.169633 0.353872 0
30 0.400566 0.230772 0.368662 0
30 0.529193 0.0794575 0.39135 0
30 0.411371 0.196681 0.391948 0
30 0.394034 0.285636 0.32033 0
30 0.533138 0.0472747 0.419588 0
30 0.4456 0.166694 0.387706 0
30 0.449897 0.192664 0.357439 0
30 0.367641 0.313875 0.318484 0
30 0.327147 0.385631 0.287221 0
30 0.444034 0.189954 0.366012 0
30 0.381914 0.291365 0.326721 0
30 0.360986 0.336941 0.302073 0
30 0.472666 0.16194 0.365394 0
30 0.454906 0.174796 0.370297 0
30 0.407637 0.315382 0.276981 0
30 0.38258 0.288917 0.328503 0
30 0.378805 0.276828 0.344367 0
30 0.327584 0.39683 0.275586 0
30 0.281488 0.463897 0.254615 0
30 0.413213 0.290795 0.295992 0
30 0.479741 0.113839 0.40642 0
30 0.47722 0.134909 0.387872 0
30 0.368711 0.328628 0.302661 0
30 0.413158 0.240107 0.346736 0
30 0.432663 0.258155 0.309182 0
30 0.403076 0.27017 0.326754 0
30 0.412345 0.267956 0.319699 0
30 0.40859 0.232113 0.359297 0
30 0.334272 0.381409 0.284319 0
30 0.346352 0.351332 0.302316 0
30 0.424639 0.224033 0.351328 0
30 0.435896 0.25362 0.310484 0
30 0.567664 0.0406389 0.391697 0
30 0.350976 0.298156 0.350867 0
30 0.414644 0.22132 0.364036 0
30 0.425121 0.262112 0.312767 0
30 0.444068 0.182261 0.37367 0
30 0.390955 0.271062 0.337983 0
30 0.33765 0.352275 0.310076 0
30 0.506702 0.119646 0.373651 0
30 0.36825 0.291411 0.340339 0
30 0.30743 0.399129 0.286287 0.00715414
30 0.41667 0.258954 0.324376 0
30 0.50976 0.14319 0.34705 0
30 0.404576 0.256143 0.339281 0
30 0.391626 0.2617 0.346675 0
30 0.356502 0.308134 0.335364 0
30 0.373182 0.265994 0.360824 0
30 0.382488 0.249687 0.367825 0
30 0.380197 0.279655 0.340148 0
30 0.459011 0.192233 0.348757 0
30 0.389357 0.26849 0.342153 0
30 0.464087 0.161849 0.374064 0
30 0.388766 0.314971 0.296264 0
30 0.411915 0.219408 0.352878 0.0157984
30 0.369976 0.298679 0.331344 0
30 0.308925 0.405886 0.285189 0
30 0.397254 0.259163 0.343583 0
30 0.347835 0.368188 0.283978 0
30 0.427498 0.20128 0.371222 0
30 0.310627 0.414101 0.275272 0
30 0.54381 0.0188107 0.437379 0
30 0.401592 0.269023 0.329385 0
30 0.327733 0.353962 0.318305 0
30 0.471708 0.13097 0.397322 0
30 0.328772 0.366039 0.305189 0
30 0.522379 0.0962996 0.381322 0
30 0.553667 0.0679433 0.378389 0
30 0.367245 0.340668 0.292087 0
30 0.346672 0.335066 0.318262 0
30 0.355847 0.281571 0.362582 0
30 0.350356 0.336487 0.313156 0
30 0.462542 0.159157 0.378301 0
30 0.37165 0.256371 0.371979 0
30 0.350346 0.300328 0.337278 0.0120472
30 0.385789 0.270862 0.343349 0
30 0.500923 0.127076 0.372001 0
30 0.389223 0.265198 0.34558 0
30 0.471706 0.135165 0.393129 0
30 0.366273 0.322128 0.311598 0
30 0.507892 0.0902445 0.401863 0
30 0.345094 0.333188 0.321718 0
30 0.360536 0.335589 0.303875 0
30 0.395429 0.288142 0.316429 0
30 0.49337 0.17318 0.333449 0
30 0.388528 0.289213 0.32226 0
30 0.537394 0.0607192 0.401887 0
30 0.351609 0.362006 0.286385 0
30 0.333759 0.342425 0.323817 0
30 0.32051 0.348737 0.330753 0
30 0.293807 0.420184 0.286009 0
30 0.499583 0.101048 0.399369 0
