30 0.354208 0.170954 0.474838 0
30 0.374271 0.17694 0.448789 0
30 0.254576 0.192378 0.553045 0
30 0.241382 0.0856652 0.672953 0
30 0.190447 0.260911 0.548642 0
30 0.225101 0.0651363 0.709763 0
30 0.2932 0.176167 0.530632 0
30 0.25155 0.194604 0.553846 0
30 0.259002 0.186594 0.554404 0
30 0.226467 0.230769 0.540417 0.0023465
30 0.135619 0.307831 0.55655 0
30 0.243314 0.174439 0.582247 0
30 0.28072 0.115154 0.604126 0
30 0.170841 0.244678 0.584481 0
30 0.182035 0.315815 0.50215 0
30 0.274908 0.146243 0.578849 0
30 0.302735 0.200666 0.496599 0
30 0.206601 0.174368 0.619031 0
30 0.181603 0.228728 0.481294 0.108375
30 0.148493 0.34871 0.502797 0
30 0.165734 0.280746 0.55352 0
30 0.277424 0.187952 0.534624 0
30 0.309434 0.207702 0.482864 0
30 0.225566 0.253772 0.520662 0
30 0.444945 0.0519816 0.503074 0
30 0.282283 0.257572 0.460145 0
30 0.269516 0.183608 0.546876 0
30 0.16217 0.213933 0.623898 0
30 0.212202 0.348346 0.439452 0
30 0.28088 0.166465 0.552655 0
30 0.185299 0.290583 0.524118 0
30 0.175985 0.0694228 0.537556 0.217037
30 0.237402 0.10976 0.652838 0
30 0.275279 0.252542 0.472179 0
30 0.272526 0.123655 0.603819 0
30 0.211843 0.0882265 0.69993 0
30 0.218287 0.184457 0.597256 0
30 0.209649 0.300608 0.489743 0
30 0.244064 0.124442 0.631494 0
30 0.218112 0.247938 0.53395 0
30 0.271863 0.13118 0.596956 0
30 0.212137 0.268389 0.519474 0
30 0.179232 0.212487 0.608281 0
30 0.201197 0.178392 0.620411 0
30 0.320618 0.194616 0.484766 0
30 0.164678 0.146185 0.580013 0.109124
30 0.260999 0.229339 0.509662 0
30 0.276211 0.0605929 0.663196 0
30 0.239682 0.16603 0.473777 0.120511
30 0.16353 0.251195 0.585275 0
30 0.248055 0.0869634 0.664982 0
30 0.165926 0.284441 0.549633 0
30 0.190532 0.297368 0.512101 0
30 0.236425 0.110607 0.652969 0
30 0.186675 0.194541 0.618783 0
30 0.23853 0.0816304 0.67984 0
30 0.183426 0.227914 0.58866 0
30 0.189712 0.203316 0.606973 0
30 0.184104 0.055558 0.62591 0.134429
30 0.228187 0.211255 0.560558 0
30 0.282963 0.198265 0.518772 0
30 0.170278 0.189863 0.639859 0
30 0.200214 0.141107 0.658679 0
30 0.173612 0.174098 0.65229 0
30 0.155682 0.234172 0.610146 0
30 0.199029 0.21413 0.586841 0
30 0.183742 0.220787 0.595471 0
30 0.300614 0.154413 0.544973 0
30 0.249476 0.111069 0.639455 0
30 0.2139 0.20452 0.58158 0
30 0.123964 0.157959 0.437113 0.280964
30 0.283966 0.236141 0.479893 0
30 0.262826 0.1718 0.565374 0
30 0.307422 0.21865 0.473928 0
30 0.165212 0.271452 0.563336 0
30 0.20192 0.238169 0.559911 0
30 0.178932 0.272787 0.548281 0
30 0.41781 0.106923 0.475266 0
30 0.17972 0.239734 0.580546 0
30 0.255518 0.24102 0.503462 0
30 0.235317 0.233727 0.530956 0
30 0.183272 0.279022 0.537705 0
30 0.220815 0.228199 0.550986 0
30 0.278096 0.195071 0.526833 0
30 0.177167 0.199051 0.623782 0
30 0.240615 0.292084 0.467302 0
30 0.235835 0.2625 0.501665 0
30 0.25315 0.137922 0.608928 0
30 0.135264 0.205109 0.530025 0.129603
30 0.219446 0.168097 0.612457 0
30 0.195733 0.130198 0.674069 0
30 0.213451 0.310713 0.475836 0
30 0.265134 0.154212 0.580654 0
30 0.220795 0.184418 0.594787 0
30 0.473766 0.110008 0.416226 0
30 0.305796 0.243379 0.450825 0
30 0.258083 0.206356 0.535561 0
30 0.159837 0.226619 0.613544 0
30 0.222949 0.212842 0.564209 0
30 0.167405 0.217091 0.615504 0
