5 0.000669526 0.766454 0.232876 0
5 0.000685382 0.750329 0.248876 0.000109137
5 0.000515221 0.763524 0.235961 0
5 0.00050457 0.756093 0.243402 0
5 0.000533732 0.741779 0.257688 0
5 0.000409672 0.782614 0.216976 0
5 0.00922615 0.768081 0.222693 0
5 0.00040787 0.788557 0.211035 0
5 0.000432385 0.782514 0.217054 0
5 0.00615147 0.697662 0.296186 0
5 0.000571697 0.777823 0.221605 0
5 0.000469489 0.782747 0.216783 0
5 0.000609589 0.760437 0.238953 0
5 0.000867994 0.775315 0.223817 0
5 0.000371712 0.778279 0.221349 0
5 0.000353928 0.815216 0.18443 0
5 0.000676287 0.759745 0.239578 0
5 0.000713792 0.75376 0.245527 0
5 0.000617617 0.773233 0.22615 0
5 0.00186991 0.792313 0.205817 0
5 0.000550624 0.765044 0.234405 0
5 0.000498959 0.767943 0.231558 0
5 0.000772148 0.777281 0.221947 0
5 0.000656684 0.79336 0.205983 0
5 0.00167816 0.79868 0.199642 0
5 0.000393337 0.773021 0.226586 0
5 0.000465444 0.791178 0.208357 0
5 0.0021549 0.793776 0.204069 0
5 0.000398795 0.767074 0.232527 0
5 0.00203515 0.773103 0.214284 0.0105779
5 0.000406857 0.821436 0.178136 2.14135e-05
5 0.000906162 0.761172 0.237922 0
5 0.000707259 0.779428 0.219864 0
5 0.000397483 0.815525 0.184078 0
5 0.000671321 0.77255 0.226779 0
5 0.000532939 0.799551 0.199917 0
5 0.000492113 0.77034 0.229168 0
5 0.0005366 0.785109 0.214354 0
5 0.000575367 0.790567 0.208858 0
5 0.000542634 0.776744 0.222713 0
5 0.000492566 0.776757 0.22275 0
5 0.000249074 0.797152 0.202599 0
5 0.000487449 0.793608 0.205904 0
5 0.000485805 0.772445 0.227069 0
5 0.000684025 0.789952 0.209364 0
5 0.000435335 0.793462 0.206103 0
5 0.000501138 0.818247 0.181252 0
5 0.000462556 0.820812 0.178726 0
5 0.000716696 0.742882 0.256401 0
5 0.000659547 0.796836 0.192959 0.00954501
5 0.000647057 0.786299 0.213054 0
5 0.000456421 0.804829 0.194715 0
5 0.000361705 0.808883 0.190755 0
5 0.000505629 0.801465 0.19803 0
5 0.00039915 0.778193 0.221408 0
5 0.000340075 0.818031 0.181629 0
5 0.000544845 0.765131 0.234324 0
5 0.000504585 0.768798 0.230697 0
5 0.000552907 0.7638 0.235647 0
5 0.000388383 0.748773 0.250839 0
5 0.00194725 0.746061 0.251992 0
5 0.000762938 0.789464 0.209773 0
5 0.000625816 0.789407 0.209968 0
5 0.000514463 0.786914 0.212571 0
5 0.000582107 0.790612 0.208806 0
5 0.000530103 0.773476 0.225994 0
5 0.000429541 0.81176 0.18781 0
5 0.00111852 0.792384 0.206497 0
5 0.000510887 0.764318 0.235171 0
5 0.000322206 0.781686 0.217992 0
5 0.00740227 0.782336 0.210261 0
5 0.000654875 0.773157 0.216483 0.00970589
5 0.000442689 0.814692 0.184865 0
5 0.000564356 0.804016 0.19542 0
5 0.000569387 0.775381 0.224049 0
5 0.00400576 0.742354 0.25364 0
5 0.000567699 0.801895 0.197537 0
5 0.000651495 0.751159 0.24819 0
5 0.000658249 0.76752 0.231821 0
5 0.000462511 0.805246 0.194292 0
5 0.000397615 0.822674 0.176929 0
5 0.000515786 0.794847 0.204637 0
5 0.000600616 0.772879 0.22652 0
5 0.00270015 0.801333 0.195967 0
5 0.000610971 0.752577 0.246812 0
5 0.000459521 0.796649 0.202891 0
5 0.000594661 0.784 0.215406 0
5 0.00040769 0.758589 0.241004 0
5 0.000728173 0.787839 0.211432 0
5 0.000580148 0.813356 0.186064 0
5 0.000515526 0.779461 0.220024 0
5 0.000790174 0.76907 0.23014 0
5 0.000463461 0.782666 0.216871 0
5 0.000614589 0.776183 0.220865 0.0023366
5 0.00048282 0.787763 0.211755 0
5 0.000361978 0.791835 0.207803 0
5 0.000374359 0.803276 0.193607 0.0027424
5 0.000801532 0.78481 0.214389 0
5 0.000602773 0.78482 0.214577 0
5 0.000519172 0.819851 0.175762 0.00386783
