25 0.255981 0.175959 0.56806 0
25 0.111665 0.147353 0.740981 0
25 0.136944 0.270655 0.592401 0
25 0.246766 0.250845 0.50239 0
25 0.124125 0.246362 0.629513 0
25 0.296683 0.203236 0.500081 0
25 0.149098 0.0819326 0.768969 0
25 0.173427 0.283751 0.542821 0
25 0.111418 0.241611 0.646971 0
25 0.10128 0.269994 0.628726 0
25 0.208141 0.313639 0.478221 0
25 0.165084 0.231973 0.602942 0
25 0.413646 0.207221 0.379134 0
25 0.124619 0.174692 0.700689 0
25 0.0965385 0.149879 0.589445 0.164137
25 0.142333 0.224382 0.633284 0
25 0.145734 0.218359 0.635907 0
25 0.0873658 0.235244 0.67739 0
25 0.254227 0.251888 0.493886 0
25 0.11732 0.324777 0.557903 0
25 0.152438 0.26569 0.581872 0
25 0.117639 0.226576 0.655785 0
25 0.201954 0.245754 0.552292 0
25 0.457221 0.156099 0.38668 0
25 0.12207 0.274572 0.603359 0
25 0.113317 0.272585 0.614098 0
25 0.38102 0.224074 0.394907 0
25 0.0958585 0.185476 0.534371 0.184294
25 0.219173 0.195665 0.585162 0
25 0.129261 0.304484 0.566254 0
25 0.166019 0.154729 0.679252 0
25 0.126599 0.197006 0.676395 0
25 0.118248 0.130259 0.751493 0
25 0.102619 0.236789 0.660592 0
25 0.194483 0.297671 0.507847 0
25 0.150679 0.213576 0.635745 0
25 0.0994772 0.336306 0.564217 0
25 0.083508 0.266719 0.649773 0
25 0.104069 0.276118 0.619813 0
25 0.236852 0.225329 0.537819 0
25 0.136088 0.237532 0.62638 0
25 0.360677 0.165742 0.473581 0
25 0.0959373 0.248404 0.655658 0
25 0.109108 0.244282 0.646609 0
25 0.112879 0.375697 0.511424 0
25 0.160785 0.212891 0.626323 0
25 0.242324 0.163874 0.593802 0
25 0.119729 0.231658 0.648613 0
25 0.129093 0.26682 0.604087 0
25 0.156176 0.18922 0.654604 0
25 0.160477 0.209715 0.629808 0
25 0.174998 0.171519 0.653483 0
25 0.112767 0.295021 0.592212 0
25 0.383804 0.258364 0.357832 0
25 0.238569 0.18688 0.574551 0
25 0.154255 0.19876 0.646986 0
25 0.129849 0.252938 0.617213 0
25 0.103659 0.257539 0.532474 0.106328
25 0.118806 0.148083 0.733111 0
25 0.123958 0.158377 0.717665 0
25 0.352727 0.180771 0.466502 0
25 0.314148 0.201528 0.484323 0
25 0.137208 0.20473 0.655688 0.00237369
25 0.145009 0.254478 0.600512 0
25 0.113355 0.216591 0.670054 0
25 0.163491 0.151089 0.68542 0
25 0.133997 0.159379 0.706624 0
25 0.104621 0.308786 0.586593 0
25 0.108403 0.187508 0.704088 0
25 0.120556 0.197966 0.681478 0
25 0.130858 0.226266 0.642876 0
25 0.170029 0.191548 0.638423 0
25 0.173111 0.21082 0.616069 0
25 0.146406 0.201028 0.652567 0
25 0.165957 0.121922 0.712121 0
25 0.109124 0.213409 0.571943 0.105525
25 0.0932578 0.216274 0.690468 0
25 0.138104 0.196056 0.665841 0
25 0.110607 0.334411 0.554982 0
25 0.154885 0.153799 0.691316 0
25 0.194221 0.392116 0.413663 0
25 0.120147 0.0697992 0.597102 0.212952
25 0.13937 0.110887 0.749743 0
25 0.174467 0.232609 0.592924 0
25 0.172316 0.270154 0.55753 0
25 0.132697 0.329737 0.537566 0
25 0.164047 0.254443 0.581509 0
25 0.2875 0.218955 0.493546 0
25 0.114859 0.254574 0.630567 0
25 0.116712 0.206062 0.677226 0
25 0.176246 0.192825 0.630929 0
25 0.207215 0.205719 0.587066 0
25 0.153727 0.147367 0.698906 0
25 0.250463 0.296985 0.452552 0
25 0.19566 0.357325 0.447015 0
25 0.111193 0.281061 0.607746 0
25 0.164709 0.255045 0.580247 0
25 0.331881 0.262635 0.405484 0
25 0.249362 0.178762 0.571877 0
25 0.128199 0.288033 0.583768 0
