20 0.268039 0.409662 0.322299 0
20 0.270018 0.44132 0.288662 0
20 0.149066 0.5958 0.255134 0
20 0.215659 0.505426 0.278915 0
20 0.140461 0.636631 0.222908 0
20 0.173186 0.580263 0.233559 0.012991
20 0.180886 0.560805 0.258309 0
20 0.202032 0.506385 0.291583 0
20 0.191676 0.534698 0.273626 0
20 0.213224 0.510589 0.276188 0
20 0.196221 0.50717 0.296609 0
20 0.202818 0.537302 0.25988 0
20 0.173656 0.545879 0.280465 0
20 0.258361 0.398766 0.342872 0
20 0.241074 0.449686 0.30924 0
20 0.189474 0.536337 0.274188 0
20 0.224079 0.451999 0.309282 0.0146409
20 0.221102 0.498721 0.280176 0
20 0.207045 0.534802 0.258154 0
20 0.209406 0.525526 0.265068 0
20 0.209858 0.548976 0.241166 0
20 0.206022 0.51458 0.279398 0
20 0.183525 0.578535 0.23794 0
20 0.217628 0.496114 0.286258 0
20 0.237526 0.492113 0.270361 0
20 0.195514 0.545778 0.258708 0
20 0.233873 0.490027 0.2761 0
20 0.314488 0.385997 0.299514 0
20 0.204853 0.533329 0.261818 0
20 0.237282 0.45305 0.309667 0
20 0.279991 0.418118 0.301891 0
20 0.23101 0.447399 0.321591 0
20 0.27516 0.415348 0.309492 0
20 0.206333 0.521964 0.265419 0.00628409
20 0.293613 0.364483 0.341904 0
20 0.244357 0.399995 0.339591 0.0160565
20 0.231541 0.466461 0.301998 0
20 0.225833 0.467899 0.296752 0.00951505
20 0.216768 0.485264 0.297969 0
20 0.268274 0.430214 0.301512 0
20 0.188955 0.574201 0.236844 0
20 0.18861 0.56709 0.2443 0
20 0.202419 0.521828 0.275753 0
20 0.250988 0.44116 0.307852 0
20 0.206228 0.50307 0.290701 0
20 0.212321 0.511952 0.275727 0
20 0.287764 0.435835 0.276401 0
20 0.192865 0.522751 0.284383 0
20 0.245261 0.454211 0.285811 0.0147167
20 0.163039 0.629565 0.207396 0
20 0.166461 0.550718 0.282821 0
20 0.230245 0.430356 0.339399 0
20 0.241699 0.487785 0.270516 0
20 0.232487 0.475682 0.291831 0
20 0.227628 0.46571 0.306662 0
20 0.247923 0.440989 0.311089 0
20 0.225841 0.454628 0.319531 0
20 0.26721 0.426188 0.306602 0
20 0.222951 0.511707 0.265341 0
20 0.275391 0.383694 0.340915 0
20 0.18719 0.57111 0.2417 0
20 0.234316 0.461912 0.303772 0
20 0.248636 0.46559 0.285774 0
20 0.254845 0.448752 0.296403 0
20 0.205998 0.509545 0.284456 0
20 0.142052 0.65919 0.198758 0
20 0.188526 0.549878 0.261596 0
20 0.306147 0.369268 0.324585 0
20 0.213062 0.535963 0.250975 0
20 0.254179 0.437523 0.308298 0
20 0.222615 0.510396 0.26699 0
20 0.361862 0.259508 0.364665 0.0139656
20 0.212016 0.512669 0.275315 0
20 0.221508 0.486812 0.29168 0
20 0.233273 0.489111 0.277616 0
20 0.193891 0.530702 0.275407 0
20 0.196074 0.515598 0.288328 0
20 0.163919 0.637585 0.198497 0
20 0.225159 0.495405 0.279436 0
20 0.224415 0.474211 0.301374 0
20 0.213107 0.497002 0.289891 0
20 0.258694 0.409773 0.331533 0
20 0.175897 0.561803 0.2623 0
20 0.177223 0.586671 0.236106 0
20 0.198347 0.549963 0.25169 0
20 0.211514 0.495936 0.292549 0
20 0.262853 0.438759 0.298388 0
20 0.230221 0.47487 0.294908 0
20 0.162334 0.571694 0.256212 0.00975986
20 0.204169 0.502069 0.293762 0
20 0.25083 0.476631 0.272539 0
20 0.300631 0.358521 0.340848 0
20 0.202337 0.53826 0.259403 0
20 0.187324 0.523875 0.288801 0
20 0.244014 0.456864 0.299122 0
20 0.200924 0.525557 0.273519 0
20 0.205479 0.497589 0.296932 0
20 0.189858 0.55626 0.253882 0
20 0.276431 0.389729 0.315671 0.0181681
20 0.22545 0.490312 0.284238 0
