10 0.0436682 0.643071 0.294851 0.0184097
10 0.0641886 0.617433 0.308498 0.00988035
10 0.047638 0.68461 0.264526 0.00322607
10 0.024057 0.67368 0.293355 0.00890793
10 0.031462 0.702602 0.258872 0.00706407
10 0.0205361 0.711147 0.261416 0.00690084
10 0.0436595 0.656432 0.296571 0.00333824
10 0.0352948 0.641477 0.290975 0.0322536
10 0.0443545 0.692651 0.251221 0.0117732
10 0.0226316 0.702718 0.260085 0.0145652
10 0.0390523 0.676063 0.276948 0.007937
10 0.0426613 0.680473 0.268988 0.00787749
10 0.0315631 0.64607 0.301347 0.0210197
10 0.0375329 0.669368 0.274433 0.0186651
10 0.0372412 0.646167 0.285706 0.0308853
10 0.0349937 0.607931 0.329576 0.0274995
10 0.0447845 0.673797 0.257614 0.0238043
10 0.0514913 0.664 0.284437 7.14487e-05
10 0.0441582 0.671879 0.278822 0.00514025
10 0.0388505 0.689893 0.262023 0.00923308
10 0.056955 0.581973 0.336903 0.0241692
10 0.0307204 0.685471 0.274499 0.00930973
10 0.0588989 0.671301 0.261004 0.00879622
10 0.0314153 0.661424 0.299214 0.00794708
10 0.0375508 0.70706 0.246293 0.00909574
10 0.0448802 0.697062 0.250512 0.00754558
10 0.0290058 0.645575 0.316929 0.00849017
10 0.047928 0.592449 0.347315 0.0123082
10 0.0336362 0.664006 0.285377 0.0169809
10 0.0364328 0.65679 0.295952 0.0108257
10 0.0493701 0.674365 0.268427 0.00783697
10 0.0365372 0.686601 0.259552 0.0173096
10 0.0352129 0.568311 0.375887 0.0205884
10 0.0417091 0.615744 0.325283 0.0172631
10 0.0406436 0.669448 0.256426 0.0334829
10 0.0540676 0.620865 0.297075 0.0279932
10 0.0608944 0.668559 0.258024 0.0125221
10 0.041766 0.576058 0.338287 0.0438884
10 0.0456582 0.643036 0.308157 0.00314884
10 0.0524215 0.639643 0.300972 0.00696293
10 0.0426708 0.626229 0.320969 0.0101309
10 0.0483968 0.606968 0.312059 0.0325764
10 0.0411231 0.662897 0.287487 0.00849344
10 0.0409246 0.617544 0.305924 0.0356078
10 0.0328999 0.661244 0.294837 0.0110192
10 0.0573535 0.633115 0.303233 0.00629843
10 0.0449894 0.668187 0.235768 0.0510551
10 0.055414 0.696157 0.243949 0.00447939
10 0.0506044 0.66911 0.263344 0.0169418
10 0.0357074 0.629236 0.32289 0.0121669
10 0.0425158 0.682811 0.258926 0.0157469
10 0.0318205 0.661588 0.275997 0.0305943
10 0.0368103 0.627246 0.306975 0.0289688
10 0.0573265 0.673024 0.257726 0.0119232
10 0.0485026 0.690582 0.248666 0.0122499
10 0.0461562 0.609906 0.334241 0.00969644
10 0.0554463 0.647056 0.273454 0.0240441
10 0.0348108 0.688195 0.261415 0.0155792
10 0.0674155 0.608559 0.264796 0.0592293
10 0.0490982 0.636221 0.297867 0.0168133
10 0.0476901 0.703469 0.245903 0.00293743
10 0.0531366 0.591863 0.337901 0.0170994
10 0.0322241 0.70717 0.259402 0.00120425
10 0.0482312 0.678032 0.265543 0.00819371
10 0.0418255 0.653733 0.29473 0.00971125
10 0.0326187 0.659174 0.286786 0.0214219
10 0.033695 0.744395 0.2215 0.000409997
10 0.0504481 0.631474 0.290629 0.0274494
10 0.033136 0.635464 0.325413 0.00598686
10 0.0607555 0.663361 0.272511 0.00337294
10 0.0618429 0.649956 0.262929 0.025272
10 0.0370323 0.676329 0.273183 0.0134556
10 0.0525616 0.605596 0.311854 0.0299883
10 0.0514302 0.579406 0.351792 0.0173715
10 0.050773 0.666049 0.27544 0.00773877
10 0.0435851 0.62336 0.321066 0.011989
10 0.0294994 0.737867 0.230398 0.00223505
10 0.0455916 0.634845 0.28838 0.0311827
10 0.0486357 0.610611 0.314899 0.0258536
10 0.0318371 0.695927 0.270465 0.00177016
10 0.0527737 0.662454 0.253038 0.0317343
10 0.0329451 0.673696 0.285687 0.0076726
10 0.0385647 0.689134 0.264831 0.00747057
10 0.043653 0.680823 0.267689 0.00783463
10 0.0412655 0.649306 0.28572 0.023708
10 0.0654842 0.561228 0.336273 0.0370142
10 0.0377084 0.690634 0.255814 0.0158434
10 0.0374395 0.618352 0.313622 0.0305873
10 0.0427093 0.648751 0.286126 0.0224142
10 0.0369124 0.709387 0.238831 0.0148695
10 0.0395138 0.650699 0.300077 0.00971032
10 0.03084 0.598374 0.349421 0.0213649
10 0.0336102 0.672966 0.271763 0.0216609
10 0.0594707 0.663602 0.270668 0.00625847
10 0.051626 0.665814 0.267534 0.0150254
10 0.046176 0.601432 0.321869 0.0305235
10 0.0366546 0.697214 0.249889 0.016243
10 0.0530848 0.591063 0.342734 0.0131178
10 0.0350077 0.664195 0.288535 0.0122622
10 0.029803 0.716969 0.244696 0.00853184
