30 0.0900782 0.114552 0.79537 0
30 0.236697 0.243445 0.519858 0
30 0.0686539 0.252767 0.678579 0
30 0.200982 0.0791842 0.719834 0
30 0.107312 0.215701 0.676987 0
30 0.0527933 0.144401 0.802806 0
30 0.0945151 0.130765 0.77472 0
30 0.0405132 0.188703 0.770784 0
30 0.104403 0.311495 0.584101 0
30 0.0847407 0.0725926 0.842667 0
30 0.568735 0.0269439 0.404321 0
30 0.114843 0.0743698 0.810788 0
30 0.106801 0.191579 0.70162 0
30 0.0802907 0.0556869 0.864022 0
30 0.0728969 0.0126777 0.914425 0
30 0.0934264 0.0644514 0.842122 0
30 0.195805 0.0403509 0.763844 0
30 0.183051 0.163287 0.653661 0
30 0.0770321 0.186228 0.73674 0
30 0.0436852 0.162019 0.794296 0
30 0.143696 0.227905 0.628399 0
30 0.0731376 0.0487867 0.878076 0
30 0.0696333 0.142563 0.787804 0
30 0.0957375 0.127605 0.776658 0
30 0.130245 0.23572 0.634035 0
30 0.125089 0.101843 0.773068 0
30 0.127597 0.152929 0.670602 0.0488716
30 0.0614854 0.253257 0.685257 0
30 0.0459504 0.133079 0.820971 0
30 0.0768996 0.112409 0.810691 0
30 0.193019 0.11552 0.691461 0
30 0.246965 0.173949 0.579086 0
30 0.0726226 0.105741 0.821637 0
30 0.118875 0.089945 0.79118 0
30 0.0910971 0.0847323 0.824171 0
30 0.10178 0.12055 0.77767 0
30 0.117885 0.12899 0.753125 0
30 0.267447 0.126912 0.605642 0
30 0.157576 0.207372 0.635053 0
30 0.150263 0.144119 0.705617 0
30 0.0896085 0.117742 0.792649 0
30 0.175992 0.237669 0.58634 0
30 0.10152 0.120665 0.777815 0
30 0.0980535 0.0510949 0.850852 0
30 0.349427 0.0941319 0.556441 0
30 0.146425 0.224106 0.629469 0
30 0.100891 0.144441 0.754668 0
30 0.192952 0.146531 0.660517 0
30 0.152331 0.184339 0.66333 0
30 0.0575356 0.31265 0.629814 0
30 0.145093 0.213915 0.640992 0
30 0.0794218 0.120424 0.800154 0
30 0.0835974 0.0372898 0.879113 0
30 0.240807 0.270135 0.489058 0
30 0.076189 0.0794213 0.84439 0
30 0.0651121 0.171702 0.763186 0
30 0.224807 0.220642 0.554551 0
30 0.129032 0.10324 0.767727 0
30 0.177347 0.112109 0.710544 0
30 0.134915 0.0914369 0.773648 0
30 0.118374 0.132313 0.749314 0
30 0.311008 0.0903051 0.598687 0
30 0.133687 0.121014 0.745299 0
30 0.0403958 0.205937 0.753667 0
30 0.258216 0.065948 0.675836 0
30 0.332071 0.0483911 0.619537 0
30 0.0530871 0.176992 0.769921 0
30 0.0570259 0.159081 0.783893 0
30 0.194441 0.188593 0.616966 0
30 0.112764 0.175071 0.712165 0
30 0.103957 0.0880519 0.807991 0
30 0.431131 0.0829732 0.485896 0
30 0.117121 0.238889 0.643991 0
30 0.125652 0.21012 0.664228 0
30 0.149642 0.152812 0.697546 0
30 0.139479 0.217731 0.64279 0
30 0.536101 0.0647247 0.399174 0
30 0.210033 0.221948 0.568018 0
30 0.182268 0.0887246 0.729007 0
30 0.0869565 0.0544885 0.858555 0
30 0.0666751 0.0793149 0.85401 0
30 0.199256 0.0891705 0.711574 0
30 0.165582 0.101019 0.733399 0
30 0.134033 0.246424 0.619543 0
30 0.15799 0.242571 0.599439 0
30 0.12117 0.141765 0.737065 0
30 0.0749353 0.1275 0.797565 0
30 0.0541904 0.149715 0.796094 0
30 0.17109 0.12827 0.70064 0
30 0.136003 0.196463 0.667534 0
30 0.200984 0.241372 0.557644 0
30 0.109138 0.11228 0.778583 0
30 0.235239 0.188349 0.576412 0
30 0.0580576 0.242851 0.699092 0
30 0.0563324 0.191234 0.752434 0
30 0.0803439 0.113962 0.805695 0
30 0.0698353 0.0365477 0.893617 0
30 0.109489 0.132557 0.757954 0
30 0.136692 0.191894 0.671414 0
30 0.117481 0.116643 0.765876 0
