20 0.33157 0.341854 0.326576 0
20 0.16524 0.577908 0.256853 0
20 0.230778 0.481678 0.287544 0
20 0.195466 0.571366 0.233168 0
20 0.226366 0.509776 0.263858 0
20 0.325475 0.285652 0.388873 0
20 0.209173 0.49896 0.291868 0
20 0.327845 0.334625 0.337531 0
20 0.166566 0.588363 0.245071 0
20 0.193972 0.52183 0.284198 0
20 0.142557 0.646214 0.211229 0
20 0.206586 0.501914 0.291501 0
20 0.267194 0.407582 0.325225 0
20 0.285568 0.376745 0.337687 0
20 0.222244 0.479605 0.298151 0
20 0.214372 0.492733 0.292895 0
20 0.308511 0.382511 0.308978 0
20 0.245837 0.442459 0.311704 0
20 0.180157 0.539994 0.266955 0.0128945
20 0.163698 0.600691 0.235611 0
20 0.220196 0.522348 0.257456 0
20 0.253701 0.42141 0.324888 0
20 0.2357 0.477028 0.287272 0
20 0.246577 0.437096 0.316326 0
20 0.223399 0.48377 0.292831 0
20 0.132733 0.608074 0.259193 0
20 0.243869 0.477138 0.278993 0
20 0.22816 0.49661 0.27523 0
20 0.194647 0.538497 0.266856 0
20 0.212539 0.50236 0.285101 0
20 0.236516 0.448398 0.315086 0
20 0.182073 0.553612 0.264314 0
20 0.165412 0.615558 0.219031 0
20 0.200242 0.520594 0.279164 0
20 0.1885 0.585418 0.226082 0
20 0.231147 0.478378 0.290475 0
20 0.266317 0.383325 0.350358 0
20 0.180064 0.606785 0.213151 0
20 0.212307 0.537186 0.250507 0
20 0.146612 0.61135 0.242038 0
20 0.230955 0.471275 0.29777 0
20 0.21015 0.52159 0.26826 0
20 0.241347 0.443422 0.315231 0
20 0.318365 0.343688 0.337947 0
20 0.296078 0.390869 0.313054 0
20 0.224873 0.485068 0.276607 0.013452
20 0.169789 0.603085 0.227127 0
20 0.212421 0.529447 0.258132 0
20 0.174154 0.602256 0.22359 0
20 0.22462 0.46124 0.31414 0
20 0.354687 0.297098 0.348215 0
20 0.191143 0.561561 0.242959 0.00433755
20 0.183624 0.607207 0.20917 0
20 0.22718 0.477863 0.294957 0
20 0.223689 0.472714 0.303597 0
20 0.170015 0.565305 0.26468 0
20 0.182272 0.569371 0.248357 0
20 0.248151 0.447494 0.304356 0
20 0.289669 0.367542 0.342789 0
20 0.255905 0.423404 0.320691 0
20 0.22325 0.48047 0.296279 0
20 0.233412 0.472834 0.293754 0
20 0.177227 0.587836 0.234937 0
20 0.218763 0.492609 0.288628 0
20 0.239101 0.452849 0.30805 0
20 0.289502 0.385906 0.324592 0
20 0.143834 0.628864 0.227302 0
20 0.243842 0.467741 0.288417 0
20 0.203687 0.502718 0.275113 0.0184815
20 0.190606 0.510371 0.299023 0
20 0.194225 0.571543 0.234231 0
20 0.230497 0.463746 0.305758 0
20 0.191664 0.55119 0.257146 0
20 0.208015 0.537039 0.254946 0
20 0.233088 0.48742 0.279492 0
20 0.214852 0.454263 0.330885 0
20 0.180044 0.585244 0.234712 0
20 0.347061 0.267317 0.366355 0.019267
20 0.180407 0.581147 0.238446 0
20 0.161092 0.591728 0.24718 0
20 0.153672 0.631599 0.214729 0
20 0.225093 0.494635 0.280272 0
20 0.216989 0.496188 0.286824 0
20 0.325462 0.348671 0.325867 0
20 0.24105 0.458109 0.300841 0
20 0.269736 0.463118 0.267146 0
20 0.245292 0.455831 0.298877 0
20 0.196658 0.53874 0.264603 0
20 0.184111 0.544409 0.27148 0
20 0.257704 0.408272 0.334024 0
20 0.195051 0.540514 0.264435 0
20 0.218974 0.501369 0.279657 0
20 0.280805 0.414033 0.305161 0
20 0.224367 0.48847 0.287163 0
20 0.172629 0.578558 0.248812 0
20 0.17315 0.56985 0.257 0
20 0.200846 0.520927 0.278227 0
20 0.250979 0.423455 0.306717 0.0188482
20 0.227686 0.501092 0.271222 0
20 0.160291 0.607044 0.231568 0.00109686
