25 0.280815 0.192346 0.52684 0
25 0.204114 0.300495 0.49539 0
25 0.229235 0.249325 0.52144 0
25 0.235149 0.248293 0.516559 0
25 0.188911 0.347149 0.463939 0
25 0.321548 0.341453 0.336999 0
25 0.261436 0.194979 0.543585 0
25 0.219377 0.280281 0.500343 0
25 0.291202 0.0528875 0.655911 0
25 0.241289 0.36147 0.397241 0
25 0.230459 0.191853 0.577688 0
25 0.240431 0.289295 0.470274 0
25 0.186144 0.328881 0.484976 0
25 0.237502 0.22718 0.535318 0
25 0.279141 0.312372 0.408487 0
25 0.228242 0.256371 0.515387 0
25 0.292743 0.113042 0.444856 0.149359
25 0.26564 0.315086 0.419273 0
25 0.187683 0.344034 0.468283 0
25 0.178841 0.394186 0.426973 0
25 0.21696 0.257406 0.525633 0
25 0.182978 0.362106 0.454916 0
25 0.256487 0.227614 0.515899 0
25 0.191873 0.359762 0.448365 0
25 0.2063 0.399956 0.393745 0
25 0.210424 0.280553 0.509023 0
25 0.17682 0.423155 0.400025 0
25 0.285381 0.327274 0.387345 0
25 0.349961 0.0880164 0.562023 0
25 0.190604 0.300173 0.444616 0.0646077
25 0.207098 0.283847 0.509055 0
25 0.294383 0.229983 0.475634 0
25 0.231332 0.271452 0.497216 0
25 0.226038 0.28753 0.486432 0
25 0.194846 0.308531 0.496623 0
25 0.220956 0.290217 0.488827 0
25 0.243901 0.250138 0.505962 0
25 0.173517 0.295104 0.531379 0
25 0.410624 0.0841908 0.505186 0
25 0.255584 0.234195 0.510221 0
25 0.176507 0.378961 0.444531 0
25 0.216961 0.271312 0.511727 0
25 0.254347 0.311612 0.434041 0
25 0.255778 0.288758 0.455464 0
25 0.185031 0.420696 0.394273 0
25 0.246798 0.282443 0.47076 0
25 0.249833 0.272362 0.477805 0
25 0.216252 0.285171 0.498577 0
25 0.21895 0.325483 0.455567 0
25 0.262313 0.188173 0.549514 0
25 0.263309 0.28794 0.44875 0
25 0.230872 0.327166 0.441962 0
25 0.258515 0.303334 0.438151 0
25 0.243327 0.237125 0.519547 0
25 0.264931 0.26897 0.466099 0
25 0.235492 0.319182 0.445326 0
25 0.199726 0.305754 0.49452 0
25 0.285247 0.264445 0.450308 0
25 0.224577 0.313637 0.461786 0
25 0.225862 0.225484 0.548654 0
25 0.281418 0.217667 0.473765 0.0271492
25 0.240934 0.410314 0.348752 0
25 0.156531 0.418921 0.424548 0
25 0.240051 0.259916 0.500033 0
25 0.243647 0.276556 0.479796 0
25 0.22655 0.251711 0.521739 0
25 0.262789 0.341601 0.39561 0
25 0.177356 0.431846 0.390798 0
25 0.212632 0.360385 0.426983 0
25 0.231452 0.231135 0.537413 0
25 0.248188 0.252388 0.499424 0
25 0.215782 0.400673 0.383545 0
25 0.224104 0.349694 0.426202 0
25 0.225422 0.250311 0.524267 0
25 0.293914 0.288911 0.417175 0
25 0.228114 0.303466 0.468419 0
25 0.286149 0.21563 0.498221 0
25 0.269237 0.27904 0.411427 0.0402963
25 0.253781 0.395519 0.3507 0
25 0.222896 0.250555 0.526549 0
25 0.233385 0.372984 0.393631 0
25 0.248222 0.355771 0.396007 0
25 0.197973 0.344864 0.457163 0
25 0.226619 0.384466 0.388915 0
25 0.205125 0.314059 0.480816 0
25 0.232057 0.304179 0.463765 0
25 0.141965 0.433596 0.424439 0
25 0.282533 0.264199 0.453268 0
25 0.21983 0.268795 0.511374 0
25 0.232735 0.353602 0.413663 0
25 0.235774 0.349186 0.415041 0
25 0.170083 0.384723 0.445193 0
25 0.250313 0.29594 0.453746 0
25 0.269716 0.392322 0.337962 0
25 0.245055 0.338758 0.416187 0
25 0.175116 0.270455 0.527762 0.0266677
25 0.219768 0.377102 0.403131 0
25 0.292216 0.320877 0.386907 0
25 0.183379 0.242726 0.573895 0
25 0.256212 0.27911 0.464678 0
