25 0.269692 0.44675 0.283558 0
25 0.312488 0.361462 0.32605 0
25 0.381225 0.25398 0.364795 0
25 0.281344 0.397037 0.321619 0
25 0.270153 0.42 0.309846 0
25 0.341605 0.297501 0.360894 0
25 0.255583 0.487971 0.256446 0
25 0.279891 0.377912 0.32207 0.0201271
25 0.381266 0.242377 0.376356 0
25 0.291978 0.416289 0.291733 0
25 0.313941 0.406143 0.279916 0
25 0.22077 0.537249 0.241981 0
25 0.367868 0.305778 0.326354 0
25 0.407655 0.225191 0.367154 0
25 0.252646 0.475431 0.271923 0
25 0.270627 0.476723 0.24866 0.00399009
25 0.292882 0.393861 0.313257 0
25 0.296405 0.379209 0.308651 0.0157339
25 0.338107 0.332578 0.329315 0
25 0.403501 0.202425 0.394074 0
25 0.332175 0.271602 0.396223 0
25 0.208856 0.541038 0.250106 0
25 0.23263 0.482845 0.284525 0
25 0.367561 0.345231 0.287208 0
25 0.273169 0.438496 0.288335 0
25 0.368314 0.298076 0.333611 0
25 0.342136 0.322599 0.335265 0
25 0.303522 0.395718 0.30076 0
25 0.335736 0.289534 0.37473 0
25 0.227365 0.517942 0.254693 0
25 0.345852 0.311683 0.342466 0
25 0.322708 0.324289 0.353003 0
25 0.290759 0.365663 0.343578 0
25 0.261079 0.486674 0.252247 0
25 0.288399 0.405866 0.305735 0
25 0.312478 0.376674 0.310848 0
25 0.277343 0.427812 0.294845 0
25 0.280376 0.397685 0.32194 0
25 0.276514 0.397816 0.32567 0
25 0.241907 0.430124 0.310298 0.0176712
25 0.304452 0.385067 0.31048 0
25 0.318748 0.373794 0.307458 0
25 0.343965 0.340158 0.315877 0
25 0.327667 0.320699 0.351634 0
25 0.274254 0.419087 0.306659 0
25 0.29451 0.403795 0.301695 0
25 0.296098 0.373678 0.330224 0
25 0.283718 0.430624 0.285658 0
25 0.317198 0.350078 0.332724 0
25 0.320026 0.340413 0.339561 0
25 0.383263 0.255078 0.361658 0
25 0.299738 0.395984 0.304278 0
25 0.336331 0.273113 0.390556 0
25 0.268995 0.457345 0.273661 0
25 0.351392 0.307267 0.341341 0
25 0.28087 0.380109 0.326687 0.0123341
25 0.330029 0.338529 0.331441 0
25 0.330105 0.344757 0.325138 0
25 0.286946 0.413871 0.299183 0
25 0.26383 0.454781 0.281389 0
25 0.300284 0.389025 0.310691 0
25 0.35308 0.29406 0.35286 0
25 0.299924 0.385489 0.314588 0
25 0.28516 0.425164 0.289676 0
25 0.373142 0.265307 0.361551 0
25 0.255341 0.44512 0.299539 0
25 0.274985 0.470789 0.254227 0
25 0.223126 0.530775 0.242617 0.00348177
25 0.374406 0.30609 0.319504 0
25 0.368423 0.279654 0.351923 0
25 0.336781 0.33853 0.324689 0
25 0.334867 0.341044 0.324089 0
25 0.292489 0.399267 0.308244 0
25 0.24651 0.47553 0.277959 0
25 0.325601 0.343354 0.331045 0
25 0.312623 0.34494 0.330235 0.0122021
25 0.277271 0.453296 0.268317 0.00111487
25 0.320163 0.375736 0.304101 0
25 0.240109 0.473285 0.286606 0
25 0.357864 0.313904 0.328233 0
25 0.2917 0.420932 0.287367 0
25 0.304957 0.350598 0.344445 0
25 0.362598 0.292143 0.34526 0
25 0.333829 0.325296 0.340875 0
25 0.293108 0.388028 0.318864 0
25 0.29257 0.387143 0.320286 0
25 0.268789 0.470612 0.260599 0
25 0.308256 0.387761 0.303983 0
25 0.392008 0.243544 0.364447 0
25 0.249588 0.50735 0.243062 0
25 0.475099 0.137951 0.38695 0
25 0.351667 0.330726 0.317607 0
25 0.305224 0.379228 0.315548 0
25 0.330436 0.334483 0.335081 0
25 0.295038 0.369643 0.335318 0
25 0.290689 0.437224 0.272086 0
25 0.31172 0.339482 0.348797 0
25 0.351296 0.33314 0.315564 0
25 0.233791 0.502974 0.263236 0
25 0.273255 0.405493 0.302339 0.0189122
