15 0.0333225 0.544581 0.422096 0
15 0.0222149 0.705279 0.272506 0
15 0.0185472 0.74782 0.233633 0
15 0.0150716 0.733884 0.251045 0
15 0.012912 0.74683 0.240258 0
15 0.0240711 0.732211 0.243718 0
15 0.022225 0.644098 0.333677 0
15 0.0115342 0.666182 0.322283 0
15 0.0128939 0.709464 0.277642 0
15 0.0122528 0.740513 0.247234 0
15 0.0307717 0.729088 0.240141 0
15 0.0179646 0.640169 0.341867 0
15 0.0213984 0.685655 0.292947 0
15 0.0151129 0.698143 0.286744 0
15 0.0246528 0.691513 0.283834 0
15 0.0146842 0.721729 0.263587 0
15 0.0200509 0.669807 0.310143 0
15 0.0179608 0.724717 0.257322 0
15 0.0255186 0.713544 0.260937 0
15 0.0121217 0.711568 0.27631 0
15 0.0184273 0.631231 0.350342 0
15 0.0105733 0.681682 0.300729 0.00701602
15 0.0230845 0.691676 0.28524 0
15 0.0164682 0.757199 0.226333 0
15 0.0164815 0.653187 0.320202 0.0101296
15 0.0130729 0.713533 0.273394 0
15 0.0186182 0.696537 0.284845 0
15 0.00838218 0.747933 0.243684 0
15 0.0565183 0.565404 0.378077 0
15 0.0145792 0.731723 0.253698 0
15 0.0166713 0.715285 0.268044 0
15 0.0177778 0.695593 0.28663 0
15 0.0203752 0.665106 0.295225 0.0192939
15 0.015225 0.693953 0.290822 0
15 0.00965502 0.779024 0.211321 0
15 0.0126393 0.731713 0.255648 0
15 0.0118734 0.686528 0.301599 0
15 0.0128817 0.691524 0.295594 0
15 0.0283264 0.70174 0.252026 0.0179078
15 0.013612 0.710208 0.27618 0
15 0.0139899 0.718541 0.267469 0
15 0.0436871 0.589057 0.361636 0.00561956
15 0.010454 0.785547 0.203999 0
15 0.0163322 0.672397 0.31127 0
15 0.0136984 0.712086 0.274216 0
15 0.0228997 0.676486 0.300614 0
15 0.013908 0.701287 0.284805 0
15 0.0301568 0.634063 0.33578 0
15 0.0152771 0.692697 0.290379 0.00164682
15 0.0187564 0.677724 0.303519 0
15 0.0105898 0.716819 0.272592 0
15 0.0178624 0.679247 0.302891 0
15 0.0194073 0.669988 0.310604 0
15 0.0166321 0.613379 0.329377 0.0406123
15 0.0245078 0.668772 0.297871 0.00884924
15 0.0162062 0.680693 0.303101 0
15 0.0370125 0.644407 0.308837 0.00974442
15 0.0219867 0.697977 0.280036 0
15 0.0107585 0.682735 0.306506 0
15 0.013798 0.704075 0.282127 0
15 0.0229607 0.676711 0.300328 0
15 0.0170941 0.65421 0.328696 0
15 0.0295105 0.611992 0.358498 0
15 0.020199 0.672179 0.307622 0
15 0.058529 0.576963 0.364508 0
15 0.0143955 0.654957 0.310777 0.0198712
15 0.00948698 0.669004 0.321509 0
15 0.0240276 0.603918 0.372054 0
15 0.0328436 0.685158 0.281998 0
15 0.013656 0.689972 0.296372 0
15 0.0221155 0.701325 0.27656 0
15 0.025924 0.64217 0.331906 0
15 0.0184635 0.637441 0.344095 0
15 0.0180306 0.661001 0.320969 0
15 0.0150346 0.739631 0.245334 0
15 0.0218893 0.638725 0.339386 0
15 0.011884 0.765801 0.222315 0
15 0.0130559 0.71571 0.271234 0
15 0.0148843 0.769517 0.215599 0
15 0.0178429 0.696156 0.286001 0
15 0.0166024 0.721027 0.262371 0
15 0.0154873 0.712547 0.271966 0
15 0.0189631 0.658825 0.322212 0
15 0.0196782 0.664881 0.315441 0
15 0.0277817 0.666194 0.306025 0
15 0.0117186 0.722462 0.265819 0
15 0.00874605 0.752889 0.238365 0
15 0.0130274 0.733471 0.253502 0
15 0.0111324 0.74359 0.245277 0
15 0.0124934 0.69784 0.289667 0
15 0.0240112 0.629234 0.346755 0
15 0.00979095 0.730736 0.259473 0
15 0.0199039 0.687175 0.292921 0
15 0.08624 0.590255 0.323505 0
15 0.0137206 0.700004 0.286275 0
15 0.0191061 0.627693 0.353201 0
15 0.0259662 0.670642 0.303392 0
15 0.0346658 0.665822 0.299513 0
15 0.0127567 0.743441 0.243803 0
15 0.00995048 0.711253 0.278797 0
