5 0.0177821 0.72822 0.243299 0.0106988
5 0.0235555 0.738948 0.227987 0.00950958
5 0.0292332 0.717565 0.249041 0.0041614
5 0.0277136 0.697493 0.265399 0.00939406
5 0.0160305 0.724541 0.24236 0.0170688
5 0.0316189 0.691603 0.267818 0.00895998
5 0.00758211 0.759561 0.22266 0.0101971
5 0.0183007 0.739124 0.237937 0.00463818
5 0.0174323 0.70211 0.259183 0.0212751
5 0.0157182 0.782824 0.197762 0.00369516
5 0.0187421 0.711766 0.262611 0.00688168
5 0.0250042 0.725113 0.225682 0.0242011
5 0.0187479 0.761001 0.215224 0.00502692
5 0.0166142 0.7331 0.23779 0.012496
5 0.0178188 0.737523 0.235882 0.00877589
5 0.0211372 0.750655 0.226622 0.00158588
5 0.0209328 0.712259 0.243983 0.0228249
5 0.0267458 0.748328 0.221277 0.00364919
5 0.0223663 0.715848 0.239296 0.0224896
5 0.0171776 0.779423 0.201994 0.00140536
5 0.0248976 0.721135 0.233182 0.0207847
5 0.0192896 0.721848 0.249284 0.00957851
5 0.0159201 0.744612 0.226464 0.0130035
5 0.0227842 0.748773 0.22591 0.00253278
5 0.0315396 0.68924 0.269867 0.00935348
5 0.0164402 0.754885 0.226922 0.00175302
5 0.0232213 0.717131 0.256292 0.00335635
5 0.0300515 0.720901 0.238625 0.010423
5 0.0219598 0.725018 0.24854 0.00448196
5 0.024562 0.713247 0.248715 0.0134758
5 0.017604 0.734839 0.241362 0.00619501
5 0.0204777 0.714303 0.254086 0.0111335
5 0.0293878 0.705952 0.244659 0.0200012
5 0.0115057 0.739138 0.239623 0.0097333
5 0.023254 0.629995 0.329713 0.0170384
5 0.0189252 0.731855 0.245529 0.00369069
5 0.0183103 0.729632 0.246521 0.00553623
5 0.0183449 0.726372 0.244243 0.0110408
5 0.0159551 0.765551 0.212403 0.00609063
5 0.0224827 0.70956 0.261174 0.00678308
5 0.0286342 0.643007 0.308528 0.0198314
5 0.00811119 0.770722 0.211419 0.00974693
5 0.0174827 0.723263 0.249217 0.0100371
5 0.00580809 0.743352 0.240066 0.0107734
5 0.0271631 0.71484 0.239193 0.0188035
5 0.0271236 0.711582 0.244045 0.0172491
5 0.0201671 0.753404 0.225723 0.000705711
5 0.028699 0.713085 0.237274 0.0209416
5 0.0173728 0.737939 0.234146 0.0105424
5 0.0133751 0.708696 0.257737 0.020192
5 0.0140026 0.707872 0.270151 0.00797481
5 0.0267775 0.748834 0.219829 0.00455895
5 0.00603475 0.730135 0.252357 0.0114734
5 0.0216214 0.698089 0.276423 0.00386606
5 0.0189143 0.700325 0.272986 0.00777492
5 0.015966 0.727065 0.247335 0.0096343
5 0.0170124 0.761632 0.206013 0.015343
5 0.0279894 0.679811 0.268472 0.0237268
5 0.0321906 0.699937 0.260353 0.00751953
5 0.0281701 0.677591 0.272958 0.0212807
5 0.0233479 0.697535 0.264419 0.0146977
5 0.0119883 0.707043 0.26963 0.0113391
5 0.0161489 0.719861 0.256799 0.00719041
5 0.0126341 0.761644 0.217773 0.00794891
5 0.0260952 0.717512 0.245511 0.0108822
5 0.021992 0.723725 0.237375 0.0169078
5 0.0278685 0.752044 0.207969 0.0121191
5 0.0228182 0.708639 0.257987 0.0105553
5 0.0167773 0.717598 0.261348 0.00427724
5 0.0239272 0.785701 0.189888 0.000483427
5 0.0266877 0.630828 0.300295 0.0421895
5 0.0157636 0.741107 0.22992 0.0132094
5 0.0287467 0.636442 0.318719 0.0160922
5 0.0233845 0.722648 0.243922 0.0100452
5 0.0181648 0.714399 0.257494 0.00994187
5 0.0218272 0.709746 0.24621 0.0222169
5 0.036934 0.738256 0.222808 0.00200255
5 0.0117223 0.715172 0.26393 0.00917582
5 0.0154911 0.784023 0.198969 0.00151665
5 0.0127708 0.699101 0.271641 0.0164872
5 0.0158765 0.738307 0.232982 0.0128346
5 0.0257509 0.748317 0.225314 0.00061717
5 0.0176755 0.72174 0.250565 0.0100187
5 0.0174905 0.698746 0.270319 0.0134447
5 0.0181978 0.650121 0.315918 0.015764
5 0.0255296 0.68606 0.279695 0.00871495
5 0.0273005 0.718251 0.24398 0.0104692
5 0.0174139 0.770874 0.207184 0.00452798
5 0.0178822 0.726295 0.247709 0.00811433
5 0.00687109 0.728523 0.246573 0.0180332
5 0.0120912 0.727295 0.257865 0.0027493
5 0.0225007 0.714422 0.25765 0.00542752
5 0.0197324 0.678684 0.293224 0.00835951
5 0.0290078 0.755815 0.213709 0.00146806
5 0.022419 0.716314 0.248803 0.0124645
5 0.0170274 0.703879 0.253111 0.0259831
5 0.0265853 0.731191 0.233078 0.00914635
5 0.0235809 0.724741 0.245205 0.00647288
5 0.0145964 0.732196 0.231423 0.0217847
5 0.0167757 0.709903 0.267049 0.00627241
