20 0.206565 0.535153 0.258282 0
20 0.213377 0.511033 0.27559 0
20 0.239561 0.45246 0.307979 0
20 0.193777 0.549863 0.25636 0
20 0.228961 0.433436 0.323869 0.013735
20 0.227308 0.460512 0.31218 0
20 0.209744 0.509799 0.280457 0
20 0.322837 0.375823 0.30134 0
20 0.208195 0.528158 0.263648 0
20 0.234748 0.452813 0.312439 0
20 0.238878 0.451358 0.309764 0
20 0.233887 0.480843 0.28527 0
20 0.226703 0.510931 0.262366 0
20 0.206263 0.537675 0.256062 0
20 0.229523 0.493408 0.277069 0
20 0.278595 0.358252 0.342711 0.020442
20 0.168092 0.565383 0.266525 0
20 0.292373 0.412581 0.295046 0
20 0.302526 0.399977 0.297498 0
20 0.185854 0.573455 0.240691 0
20 0.299021 0.388249 0.312729 0
20 0.272312 0.383888 0.3438 0
20 0.215681 0.467757 0.316562 0
20 0.175636 0.594779 0.229585 0
20 0.23313 0.476802 0.290067 0
20 0.164849 0.626655 0.208496 0
20 0.241321 0.481199 0.277479 0
20 0.320293 0.327143 0.352564 0
20 0.202442 0.508008 0.289549 0
20 0.186693 0.575943 0.237364 0
20 0.238451 0.476856 0.284693 0
20 0.253499 0.464997 0.281504 0
20 0.152122 0.634322 0.212377 0.00117919
20 0.185265 0.549576 0.26516 0
20 0.245514 0.430312 0.320181 0.00399349
20 0.180397 0.567124 0.25248 0
20 0.205517 0.531116 0.263367 0
20 0.181372 0.548229 0.270399 0
20 0.320972 0.324217 0.354811 0
20 0.253483 0.437813 0.308704 0
20 0.259973 0.444314 0.295713 0
20 0.202682 0.503078 0.29424 0
20 0.158796 0.613509 0.227695 0
20 0.219055 0.49277 0.288175 0
20 0.222803 0.464667 0.31253 0
20 0.319546 0.357795 0.322659 0
20 0.262897 0.440928 0.296175 0
20 0.330023 0.326102 0.343875 0
20 0.188509 0.579189 0.232302 0
20 0.19904 0.585276 0.213704 0.00197999
20 0.215472 0.537346 0.231832 0.0153504
20 0.27784 0.415546 0.306614 0
20 0.213201 0.481158 0.305641 0
20 0.171529 0.58044 0.248031 0
20 0.257428 0.445637 0.296935 0
20 0.229696 0.482481 0.287823 0
20 0.234753 0.467108 0.298138 0
20 0.261984 0.404624 0.333392 0
20 0.203365 0.53293 0.263705 0
20 0.206288 0.563412 0.2303 0
20 0.184277 0.583481 0.232242 0
20 0.185398 0.54503 0.269572 0
20 0.209543 0.559189 0.231269 0
20 0.265912 0.429845 0.304243 0
20 0.234454 0.4506 0.314946 0
20 0.245078 0.448439 0.306484 0
20 0.248696 0.442166 0.309138 0
20 0.291107 0.384093 0.3248 0
20 0.244067 0.459088 0.296845 0
20 0.226669 0.478322 0.295009 0
20 0.222636 0.486488 0.290876 0
20 0.239295 0.446098 0.314607 0
20 0.183628 0.567369 0.249003 0
20 0.222163 0.493802 0.284035 0
20 0.166803 0.600354 0.232842 0
20 0.287117 0.395273 0.31761 0
20 0.212475 0.435788 0.351737 0
20 0.316121 0.32863 0.355248 0
20 0.186328 0.558422 0.25525 0
20 0.248951 0.466782 0.284266 0
20 0.15808 0.605521 0.236399 0
20 0.188756 0.526053 0.285192 0
20 0.212415 0.536747 0.250838 0
20 0.18828 0.535704 0.276016 0
20 0.187038 0.577344 0.235617 0
20 0.211933 0.55021 0.237858 0
20 0.207729 0.516503 0.275767 0
20 0.202296 0.533466 0.264239 0
20 0.140523 0.642505 0.216972 0
20 0.220517 0.541071 0.238412 0
20 0.290406 0.411239 0.298355 0
20 0.220071 0.471786 0.308143 0
20 0.213855 0.496429 0.289716 0
20 0.183473 0.55246 0.264067 0
20 0.200097 0.560119 0.239784 0
20 0.242056 0.466023 0.291921 0
20 0.26864 0.406858 0.324502 0
20 0.161648 0.601948 0.236403 0
20 0.195215 0.580318 0.224467 0
20 0.229936 0.494947 0.275117 0
