30 0.149474 0.119166 0.585088 0.146272
30 0.119412 0.155243 0.725345 0
30 0.180815 0.142306 0.67688 0
30 0.190505 0.230552 0.578943 0
30 0.14937 0.255753 0.594878 0
30 0.145686 0.174873 0.679441 0
30 0.14044 0.303602 0.555959 0
30 0.199435 0.226831 0.573733 0
30 0.221412 0.219217 0.559371 0
30 0.161534 0.263986 0.57448 0
30 0.20916 0.242658 0.548182 0
30 0.214259 0.180582 0.605159 0
30 0.133159 0.162237 0.704604 0
30 0.2746 0.0750913 0.645584 0.00472471
30 0.0811458 0.211358 0.707496 0
30 0.134259 0.175831 0.68991 0
30 0.287991 0.14205 0.569959 0
30 0.158242 0.17261 0.669148 0
30 0.156318 0.0554971 0.788185 0
30 0.158116 0.243507 0.598378 0
30 0.226875 0.181363 0.591762 0
30 0.164639 0.151611 0.683749 0
30 0.228511 0.145321 0.626168 0
30 0.131317 0.264842 0.603841 0
30 0.110157 0.181846 0.707998 0
30 0.210199 0.162892 0.62691 0
30 0.227604 0.146947 0.625449 0
30 0.161153 0.11787 0.720977 0
30 0.236354 0.158597 0.605049 0
30 0.239252 0.149667 0.61108 0
30 0.235766 0.163598 0.600637 0
30 0.224286 0.207276 0.568438 0
30 0.132004 0.267919 0.600077 0
30 0.19296 0.279713 0.527328 0
30 0.157575 0.19895 0.643474 0
30 0.107431 0.212457 0.680112 0
30 0.152905 0.0565531 0.790541 0
30 0.224801 0.2664 0.508799 0
30 0.136699 0.186348 0.676953 0
30 0.123512 0.196905 0.679583 0
30 0.200865 0.147822 0.651312 0
30 0.28977 0.211555 0.498675 0
30 0.382459 0.106812 0.510728 0
30 0.110223 0.272744 0.505533 0.1115
30 0.170081 0.244148 0.585771 0
30 0.166162 0.176376 0.657462 0
30 0.128369 0.240114 0.631518 0
30 0.0721109 0.181894 0.607742 0.138254
30 0.13413 0.213777 0.652093 0
30 0.259369 0.211752 0.528878 0
30 0.156822 0.0629653 0.780213 0
30 0.134883 0.253903 0.611214 0
30 0.0959816 0.16152 0.742498 0
30 0.0832809 0.375418 0.541301 0
30 0.0783236 0.219827 0.701849 0
30 0.132693 0.258487 0.60882 0
30 0.222979 0.142059 0.634962 0
30 0.209753 0.210023 0.580224 0
30 0.119265 0.149058 0.635647 0.09603
30 0.149769 0.172027 0.678204 0
30 0.0887388 0.186802 0.724459 0
30 0.212026 0.266129 0.521844 0
30 0.200338 0.0617237 0.737938 0
30 0.112734 0.228207 0.569169 0.0898896
30 0.115451 0.201997 0.682553 0
30 0.238273 0.116314 0.451425 0.193988
30 0.218191 0.122671 0.659138 0
30 0.159712 0.200828 0.63946 0
30 0.143191 0.212938 0.643871 0
30 0.386413 0.14467 0.468917 0
30 0.409688 0.183518 0.406794 0
30 0.138536 0.281362 0.580102 0
30 0.179731 0.139635 0.680634 0
30 0.139067 0.241047 0.619887 0
30 0.110035 0.230682 0.659282 0
30 0.111437 0.301085 0.587478 0
30 0.213384 0.133723 0.652893 0
30 0.129638 0.251726 0.618636 0
30 0.537742 0.0485415 0.413716 0
30 0.115718 0.259271 0.62501 0
30 0.247854 0.155548 0.596598 0
30 0.198746 0.191763 0.609491 0
30 0.254325 0.119312 0.626364 0
30 0.264955 0.169663 0.565381 0
30 0.0849009 0.301446 0.613653 0
30 0.486413 0.0759646 0.437622 0
30 0.168047 0.22457 0.564842 0.0425409
30 0.199038 0.129284 0.671678 0
30 0.287 0.256059 0.456941 0
30 0.112488 0.191121 0.696391 0
30 0.125214 0.173908 0.700878 0
30 0.176238 0.114292 0.70947 0
30 0.294386 0.188907 0.516706 0
30 0.311715 0.208568 0.479717 0
30 0.158259 0.144697 0.697044 0
30 0.152107 0.226845 0.621048 0
30 0.177761 0.123099 0.69914 0
30 0.219416 0.178239 0.602345 0
30 0.103097 0.228506 0.668397 0
30 0.126911 0.151832 0.721258 0
