15 0.134022 0.50535 0.360628 0
15 0.118566 0.550126 0.331308 0
15 0.152946 0.488761 0.358293 0
15 0.114833 0.584272 0.300895 0
15 0.157119 0.530835 0.312047 0
15 0.178258 0.456388 0.365354 0
15 0.147951 0.512856 0.339192 0
15 0.0735578 0.656373 0.270069 0
15 0.115354 0.503221 0.381425 0
15 0.171085 0.475894 0.353021 0
15 0.167154 0.470043 0.362803 0
15 0.132887 0.543525 0.323588 0
15 0.154561 0.527927 0.317513 0
15 0.0668989 0.73012 0.202982 0
15 0.125446 0.492851 0.34077 0.040934
15 0.114052 0.625278 0.26067 0
15 0.126744 0.580693 0.292562 0
15 0.137822 0.544687 0.315575 0.00191605
15 0.15282 0.505445 0.341735 0
15 0.150724 0.483332 0.365944 0
15 0.209418 0.438222 0.35236 0
15 0.147621 0.577508 0.274871 0
15 0.112345 0.567291 0.320364 0
15 0.14045 0.546778 0.312772 0
15 0.152522 0.507346 0.317332 0.0227996
15 0.126689 0.553812 0.286857 0.0326415
15 0.137462 0.553877 0.308662 0
15 0.10755 0.579474 0.312976 0
15 0.216896 0.470777 0.312327 0
15 0.118882 0.517289 0.363829 0
15 0.137659 0.554278 0.308064 0
15 0.168688 0.495827 0.335485 0
15 0.128823 0.566156 0.30502 0
15 0.148713 0.53002 0.321267 0
15 0.158246 0.458983 0.382771 0
15 0.114443 0.564708 0.320849 0
15 0.127772 0.563203 0.309025 0
15 0.122983 0.572943 0.304074 0
15 0.221515 0.435698 0.342787 0
15 0.197981 0.493457 0.308563 0
15 0.157219 0.519709 0.323072 0
15 0.093195 0.611217 0.295588 0
15 0.15214 0.466001 0.381859 0
15 0.193819 0.486124 0.320056 0
15 0.112209 0.600317 0.287473 0
15 0.138701 0.50263 0.358669 0
15 0.122998 0.585506 0.291496 0
15 0.145795 0.463483 0.390722 0
15 0.130518 0.536868 0.332614 0
15 0.127632 0.529676 0.342691 0
15 0.155965 0.46171 0.382324 0
15 0.120378 0.59645 0.283172 0
15 0.178033 0.494724 0.327243 0
15 0.181727 0.519435 0.297856 0.000983078
15 0.120565 0.607753 0.271682 0
15 0.154935 0.540608 0.304457 0
15 0.112399 0.553983 0.333617 0
15 0.12991 0.555963 0.314127 0
15 0.100502 0.648553 0.250945 0
15 0.143248 0.510122 0.346629 0
15 0.157113 0.522344 0.320543 0
15 0.130345 0.487154 0.3825 0
15 0.162516 0.520776 0.316708 0
15 0.128824 0.48831 0.382866 0
15 0.14031 0.526546 0.333145 0
15 0.176564 0.485893 0.337543 0
15 0.115983 0.546331 0.337685 0
15 0.11273 0.54721 0.321614 0.0184464
15 0.109586 0.609008 0.281407 0
15 0.142304 0.530178 0.327519 0
15 0.114733 0.579379 0.305888 0
15 0.116154 0.536338 0.347507 0
15 0.117233 0.479835 0.402932 0
15 0.164901 0.503345 0.331754 0
15 0.180381 0.471282 0.348336 0
15 0.264889 0.341072 0.394039 0
15 0.1548 0.581741 0.263459 0
15 0.152365 0.524322 0.323313 0
15 0.13328 0.525663 0.341057 0
15 0.141345 0.580359 0.278296 0
15 0.136791 0.582546 0.280664 0
15 0.120961 0.560363 0.318676 0
15 0.133469 0.552717 0.313814 0
15 0.167154 0.391994 0.440852 0
15 0.125156 0.575584 0.29926 0
15 0.135174 0.506087 0.358739 0
15 0.109125 0.630817 0.260058 0
15 0.203142 0.419314 0.377544 0
15 0.118137 0.547272 0.334591 0
15 0.156895 0.460833 0.382272 0
15 0.117364 0.552333 0.330303 0
15 0.162005 0.525488 0.312506 0
15 0.193916 0.459059 0.347025 0
15 0.118374 0.581246 0.30038 0
15 0.142922 0.498894 0.327515 0.0306686
15 0.141364 0.583047 0.275589 0
15 0.163423 0.522475 0.314102 0
15 0.127043 0.560894 0.312063 0
15 0.164312 0.469643 0.366045 0
15 0.191203 0.4682 0.340597 0
