30 0.298409 0.0573863 0.541133 0.103071
30 0.31572 0.0337154 0.6167 0.0338645
30 0.172245 0.0112728 0.779061 0.0374212
30 0.277199 0 0.682401 0.0404003
30 0.243622 0.108801 0.510343 0.137233
30 0.300394 0.0359773 0.592198 0.0714311
30 0.290126 0.00567759 0.700358 0.00383858
30 0.218381 0.0295419 0.682509 0.0695681
30 0.15603 0.0583019 0.711751 0.073917
30 0.188132 0.135432 0.464355 0.212081
30 0.243639 0.0480891 0.554522 0.153749
30 0.158181 0.184351 0.63707 0.0203991
30 0.1764 0.1432 0.572591 0.107809
30 0.202541 0.0996068 0.692692 0.00516088
30 0.17906 0.0657422 0.74984 0.00535835
30 0.328434 0 0.608916 0.0626503
30 0.263858 0.00623839 0.680963 0.0489406
30 0.197131 0.244044 0.558825 0
30 0.293358 0.0400487 0.572274 0.0943185
30 0.228409 0 0.685401 0.0861902
30 0.290338 0.0260089 0.571491 0.112163
30 0.14613 0.0656515 0.725537 0.0626807
30 0.287004 0.00109631 0.64906 0.0628397
30 0.241226 0.0162496 0.736068 0.00645628
30 0.243011 0.000673922 0.676355 0.0799596
30 0.208947 0.0463521 0.682586 0.0621147
30 0.201834 0 0.762791 0.0353753
30 0.248528 0.0780856 0.624293 0.0490933
30 0.213853 0.0763019 0.671526 0.038319
30 0.201659 0.15551 0.59251 0.0503214
30 0.335908 0 0.512592 0.1515
30 0.196379 0.0819504 0.668396 0.0532754
30 0.171678 0.0909059 0.639444 0.0979718
30 0.234538 0.0046819 0.695596 0.065185
30 0.20267 0.129248 0.508403 0.159679
30 0.164337 0.153026 0.617555 0.0650823
30 0.26361 0.0429447 0.508763 0.184682
30 0.192571 0.110509 0.657029 0.0398918
30 0.168907 0.0550721 0.772268 0.00375285
30 0.266605 0.125328 0.603758 0.00430845
30 0.231 0.0621733 0.617541 0.0892854
30 0.139339 0.186089 0.571863 0.10271
30 0.245381 0.0467249 0.696715 0.0111788
30 0.198749 0.10986 0.630047 0.0613443
30 0.198005 0.0866805 0.671024 0.044291
30 0.163835 0.104777 0.697384 0.0340035
30 0.252522 0.134635 0.443984 0.168859
30 0.233168 0.088834 0.61667 0.0613282
30 0.211043 0.0469881 0.738058 0.00391014
30 0.223413 0.0649264 0.611459 0.100201
30 0.22171 0.107543 0.667233 0.00351432
30 0.359692 0 0.63828 0.00202762
30 0.258143 0.0771209 0.596407 0.0683292
30 0.270326 0.0816349 0.34984 0.298199
30 0.232904 0.0905366 0.507013 0.169547
30 0.186218 0.142348 0.670778 0.000655923
30 0.188129 0.184859 0.619284 0.00772853
30 0.219221 0.0880497 0.629907 0.0628219
30 0.224997 0.0485463 0.715685 0.0107714
30 0.155188 0.0814591 0.684473 0.0788794
30 0.168743 0.0638715 0.713709 0.0536763
30 0.218162 0.0018435 0.728594 0.0514011
30 0.258994 0.00166909 0.690597 0.0487395
30 0.270317 0.0930723 0.586924 0.0496868
30 0.191573 0.0743194 0.599044 0.135064
30 0.162199 0.136421 0.658355 0.0430249
30 0.231034 0.1242 0.629684 0.0150819
30 0.189579 0.0924372 0.699588 0.0183957
30 0.211701 0.257146 0.496104 0.035049
30 0.276331 0.0242927 0.609219 0.0901571
30 0.249781 0.0170537 0.631844 0.101321
30 0.192829 0.175037 0.574656 0.0574783
30 0.247106 0.110846 0.622795 0.0192532
30 0.164413 0.0616488 0.67136 0.102578
30 0.280894 0.000261084 0.602777 0.116068
30 0.165682 0.133678 0.659172 0.0414684
30 0.229388 0 0.72789 0.0427218
30 0.279925 0.0527746 0.663217 0.00408327
30 0.193467 0.0756362 0.595513 0.135383
30 0.213662 0.127112 0.548073 0.111152
30 0.15348 0.280851 0.514143 0.051526
30 0.177565 0.0312315 0.7305 0.0607029
30 0.204852 0.154842 0.596837 0.0434685
30 0.134074 0.248743 0.539197 0.0779857
30 0.218519 0.122804 0.616397 0.0422806
30 0.250854 0.0393318 0.70192 0.00789437
30 0.23799 0.0863002 0.461127 0.214582
30 0.168332 0.0365168 0.791377 0.00377387
30 0.215024 0.130389 0.567451 0.087137
30 0.188258 0.26307 0.49441 0.0542619
30 0.163957 0.127342 0.705073 0.0036281
30 0.145176 0.0407633 0.802621 0.0114399
30 0.207886 0.12255 0.633603 0.0359604
30 0.218515 0.0168083 0.689131 0.0755457
30 0.267107 0.0947165 0.603814 0.0343629
30 0.126363 0.14988 0.675046 0.048711
30 0.259397 0.00817889 0.65522 0.0772038
30 0.326864 0 0.641662 0.0314741
30 0.207053 0.139005 0.647855 0.00608651
30 0.211769 0.11623 0.654919 0.0170817
