30 0.164428 0.331756 0.412014 0.0918026
30 0.166777 0.226275 0.459725 0.147223
30 0.298299 0.176462 0.520467 0.004773
30 0.262306 0.173842 0.447239 0.116613
30 0.31109 0.168204 0.498264 0.0224425
30 0.284876 0.130505 0.462532 0.122087
30 0.226019 0.0599025 0.438886 0.275193
30 0.188425 0.309711 0.454816 0.0470473
30 0.219851 0.229748 0.407894 0.142507
30 0.251506 0.180743 0.390377 0.177374
30 0.329938 0.164683 0.47717 0.02821
30 0.288906 0.187981 0.426368 0.0967449
30 0.246591 0.191771 0.444934 0.116704
30 0.217856 0.224217 0.540862 0.0170657
30 0.205568 0.307188 0.424561 0.0626831
30 0.22841 0.169262 0.490042 0.112286
30 0.306753 0.0648148 0.378752 0.249681
30 0.33098 0.116135 0.477451 0.0754349
30 0.21216 0.122873 0.47388 0.191087
30 0.309136 0.141104 0.448091 0.10167
30 0.239867 0.0703986 0.506028 0.183706
30 0.205964 0.353533 0.418661 0.0218418
30 0.218106 0.122002 0.384055 0.275837
30 0.203171 0.247172 0.468735 0.0809225
30 0.189691 0.268675 0.405969 0.135665
30 0.244958 0.240462 0.407849 0.106731
30 0.272179 0.256852 0.352489 0.11848
30 0.24621 0.314575 0.43236 0.00685544
30 0.266665 0.193181 0.416182 0.123972
30 0.29355 0.160213 0.448809 0.0974278
30 0.298803 0.137016 0.490495 0.0736862
30 0.235043 0.148505 0.379146 0.237306
30 0.296968 0.170877 0.463166 0.0689895
30 0.247484 0.167624 0.351693 0.2332
30 0.200079 0.29846 0.418967 0.0824937
30 0.212735 0.204739 0.461907 0.120619
30 0.29772 0.231577 0.355194 0.115509
30 0.210468 0.153732 0.378049 0.257751
30 0.266447 0.239404 0.473228 0.0209214
30 0.255629 0.18784 0.447187 0.109343
30 0.322814 0.111989 0.520208 0.0449892
30 0.277399 0.0882099 0.486957 0.147434
30 0.289915 0.130606 0.462427 0.117053
30 0.249214 0.252249 0.440818 0.0577199
30 0.247198 0.196551 0.431205 0.125046
30 0.273779 0.127717 0.480865 0.117639
30 0.228937 0.184987 0.526648 0.0594275
30 0.225973 0.111607 0.355854 0.306567
30 0.241321 0.181194 0.399354 0.178131
30 0.234262 0.217319 0.468503 0.0799159
30 0.253598 0.260368 0.409385 0.0766485
30 0.218189 0.23095 0.488141 0.0627197
30 0.354403 0.0877345 0.517289 0.0405735
30 0.313191 0.223325 0.437735 0.0257483
30 0.233929 0.103915 0.427505 0.234651
30 0.353147 0.0158653 0.408741 0.222247
30 0.268517 0.176108 0.448842 0.106533
30 0.294713 0.170725 0.454362 0.0802004
30 0.282117 0.0446498 0.412026 0.261207
30 0.331844 0.11133 0.484491 0.072335
30 0.320506 0.0562391 0.472993 0.150262
30 0.22448 0.213177 0.467172 0.0951717
30 0.287723 0.210085 0.474395 0.0277978
30 0.171475 0.410448 0.3618 0.0562763
30 0.262219 0.235862 0.441192 0.0607269
30 0.17444 0.305209 0.378852 0.141498
30 0.26531 0.172527 0.452124 0.110039
30 0.279028 0.214207 0.502722 0.00404342
30 0.311444 0.231874 0.454694 0.00198807
30 0.369958 0.0750012 0.513307 0.0417345
30 0.23866 0.273586 0.397922 0.0898316
30 0.292786 0.119916 0.462548 0.12475
30 0.221588 0.270494 0.459218 0.0486996
30 0.323016 0.0525903 0.521149 0.103245
30 0.270649 0.182814 0.501396 0.0451411
30 0.343244 0.137207 0.46744 0.0521085
30 0.325882 0.13821 0.531397 0.00451125
30 0.273871 0.0916986 0.618172 0.0162581
30 0.245729 0.304496 0.424699 0.0250754
30 0.214397 0.184196 0.456556 0.144852
30 0.295818 0.197273 0.38591 0.120999
30 0.278352 0.174964 0.542716 0.00396697
30 0.210408 0.29637 0.447144 0.0460782
30 0.337939 0.11526 0.544635 0.00216593
30 0.227412 0.263702 0.447299 0.0615874
30 0.162255 0.378287 0.388087 0.0713708
30 0.294169 0.151473 0.429393 0.124965
30 0.196202 0.274119 0.490556 0.0391226
30 0.298074 0.272274 0.428432 0.00121956
30 0.319923 0.159892 0.513738 0.00644726
30 0.291814 0.143773 0.493682 0.0707311
30 0.24492 0.143436 0.474601 0.137043
30 0.227031 0.230486 0.418326 0.124157
30 0.204295 0.264841 0.477163 0.0537007
30 0.247321 0.13639 0.510097 0.106192
30 0.219135 0.15744 0.471972 0.151453
30 0.275613 0.171497 0.396731 0.156159
30 0.303426 0.116029 0.480307 0.100239
30 0.22357 0.245798 0.432644 0.0979876
30 0.18236 0.340824 0.445139 0.0316775
