20 0.183881 0.560486 0.237908 0.0177249
20 0.227502 0.481495 0.291003 0
20 0.253978 0.471528 0.274494 0
20 0.241604 0.480812 0.277584 0
20 0.226897 0.463756 0.309347 0
20 0.178329 0.572516 0.249155 0
20 0.361422 0.318233 0.320345 0
20 0.250366 0.425948 0.323686 0
20 0.215758 0.48026 0.303982 0
20 0.212604 0.525602 0.2509 0.010894
20 0.266445 0.409585 0.323971 0
20 0.230296 0.496047 0.273656 0
20 0.1615 0.613353 0.225148 0
20 0.241536 0.462294 0.29617 0
20 0.200249 0.566843 0.232908 0
20 0.198245 0.513893 0.287862 0
20 0.245128 0.502535 0.252336 0
20 0.219005 0.491708 0.289287 0
20 0.197357 0.511977 0.287649 0.0030166
20 0.168646 0.609936 0.221418 0
20 0.27442 0.44786 0.27772 0
20 0.329902 0.323676 0.346422 0
20 0.277463 0.426027 0.29651 0
20 0.229287 0.488335 0.282378 0
20 0.277521 0.392529 0.32995 0
20 0.204751 0.52644 0.268809 0
20 0.239813 0.521145 0.239042 0
20 0.233568 0.440033 0.326398 0
20 0.220513 0.492386 0.287101 0
20 0.200087 0.549888 0.250025 0
20 0.179758 0.583261 0.236981 0
20 0.260219 0.434992 0.304789 0
20 0.236183 0.473148 0.290669 0
20 0.299184 0.326899 0.373916 0
20 0.224247 0.461535 0.314217 0
20 0.244036 0.452063 0.303901 0
20 0.219561 0.483769 0.29667 0
20 0.222027 0.52079 0.257182 0
20 0.267276 0.419943 0.312781 0
20 0.264108 0.405783 0.330109 0
20 0.317094 0.369058 0.313848 0
20 0.197785 0.53528 0.266934 0
20 0.217896 0.501456 0.280648 0
20 0.191288 0.581037 0.227675 0
20 0.159136 0.60881 0.232054 0
20 0.219388 0.51498 0.265633 0
20 0.280024 0.437751 0.282225 0
20 0.208129 0.470341 0.308365 0.0131652
20 0.171435 0.568829 0.259736 0
20 0.240104 0.460696 0.2992 0
20 0.236533 0.453624 0.309842 0
20 0.213186 0.528958 0.245101 0.0127545
20 0.307655 0.38105 0.311295 0
20 0.189064 0.571584 0.239352 0
20 0.177749 0.578039 0.244213 0
20 0.185857 0.551848 0.262296 0
20 0.224968 0.484547 0.282035 0.00844947
20 0.269901 0.399283 0.330816 0
20 0.320166 0.31888 0.360954 0
20 0.234188 0.457071 0.308741 0
20 0.201683 0.515659 0.282657 0
20 0.231631 0.485248 0.283121 0
20 0.213743 0.49305 0.293206 0
20 0.215222 0.514338 0.27044 0
20 0.219093 0.483092 0.297816 0
20 0.191158 0.55643 0.252412 0
20 0.192373 0.550927 0.256701 0
20 0.209193 0.49675 0.294058 0
20 0.257643 0.458584 0.283774 0
20 0.199933 0.561175 0.238891 0
20 0.180409 0.542105 0.277486 0
20 0.185153 0.542477 0.27237 0
20 0.19209 0.533391 0.274519 0
20 0.180484 0.579409 0.240107 0
20 0.229059 0.501264 0.269678 0
20 0.243686 0.426722 0.317446 0.0121464
20 0.2292 0.499427 0.271373 0
20 0.210855 0.549996 0.239149 0
20 0.287342 0.403993 0.308665 0
20 0.255866 0.438952 0.305182 0
20 0.25303 0.437776 0.309195 0
20 0.201081 0.515677 0.283243 0
20 0.12874 0.649031 0.222229 0
20 0.209204 0.530404 0.260393 0
20 0.16534 0.570915 0.253941 0.00980361
20 0.21129 0.475713 0.312997 0
20 0.243303 0.430196 0.304722 0.021779
20 0.262564 0.45276 0.284676 0
20 0.236881 0.465157 0.297962 0
20 0.210598 0.535007 0.254395 0
20 0.250743 0.443443 0.305814 0
20 0.195412 0.52989 0.274698 0
20 0.196988 0.517131 0.285881 0
20 0.227491 0.491523 0.280987 0
20 0.177182 0.583566 0.239252 0
20 0.220331 0.520029 0.25964 0
20 0.176514 0.585532 0.237954 0
20 0.311866 0.358532 0.329601 0
20 0.202474 0.511972 0.285554 0
20 0.231556 0.461737 0.306707 0
