10 0.0647911 0.259535 0.65057 0.0251035
10 0.0642615 0.0626659 0.865649 0.00742383
10 0.0712983 0.162817 0.608759 0.157126
10 0.0674849 0.105448 0.769585 0.0574828
10 0.0899405 0.0476974 0.853826 0.00853597
10 0.0760947 0.0244886 0.894908 0.00450905
10 0.0850128 0.129542 0.761279 0.024167
10 0.0719695 0.10819 0.793687 0.0261529
10 0.0854973 0.0736502 0.810289 0.0305631
10 0.0663197 0.201481 0.70622 0.0259785
10 0.0873298 0.101258 0.776229 0.0351833
10 0.0426441 0.0107715 0.892527 0.0540574
10 0.0769375 0.133744 0.767505 0.0218135
10 0.0695512 0.161466 0.757853 0.0111299
10 0.0702184 0.108609 0.808221 0.0129523
10 0.0571777 0.258735 0.631826 0.0522609
10 0.0865896 0.0522604 0.820488 0.0406616
10 0.0529077 0.282199 0.648032 0.0168613
10 0.0779395 0.0519988 0.81181 0.0582514
10 0.0628135 0.164037 0.748556 0.0245943
10 0.0775041 0.0977637 0.766998 0.0577346
10 0.0657062 0.0546897 0.860281 0.0193229
10 0.0670844 0.0539014 0.835957 0.0430575
10 0.0713212 0.106598 0.814177 0.00790348
10 0.0730668 0.0546966 0.819094 0.0531421
10 0.0743769 0.250324 0.640928 0.0343717
10 0.0678805 0.234044 0.689953 0.0081229
10 0.0826786 0.061825 0.832201 0.0232949
10 0.0723389 0.0571667 0.870494 0
10 0.081107 0.175296 0.729638 0.0139589
10 0.0829828 0.082175 0.807736 0.0271066
10 0.0645193 0.222648 0.691979 0.0208541
10 0.0524228 0.301417 0.629763 0.0163968
10 0.0796965 0.0980661 0.791719 0.030518
10 0.0540637 0.375074 0.561758 0.00910453
10 0.0567527 0.210899 0.693593 0.038756
10 0.05604 0.221495 0.701323 0.0211421
10 0.0558085 0.129862 0.78759 0.0267391
10 0.0780066 0.088676 0.809807 0.0235108
10 0.0711062 0.0613132 0.8485 0.0190803
10 0.0625286 0.143838 0.781353 0.0122799
10 0.0783038 0.0808525 0.763294 0.0775501
10 0.0820272 0.0607242 0.796041 0.0612076
10 0.0881471 0.0850197 0.739754 0.0870796
10 0.0690006 0.123173 0.756574 0.0512529
10 0.0672951 0.109738 0.810493 0.0124729
10 0.0728769 0.141445 0.768321 0.0173579
10 0.0853422 0.203103 0.669647 0.0419079
10 0.0780013 0.157405 0.75677 0.00782346
10 0.0696391 0.0771838 0.845256 0.00792137
10 0.0615997 0.209585 0.703506 0.0253097
10 0.0850103 0.117205 0.795614 0.00217085
10 0.0683694 0.13763 0.78231 0.0116914
10 0.0526046 0.243141 0.694028 0.0102264
10 0.0608266 0.14011 0.757652 0.0414123
10 0.0640372 0.0936521 0.803438 0.038873
10 0.0685385 0.121575 0.799554 0.0103323
10 0.0542342 0.244733 0.685885 0.0151475
10 0.0688975 0.317514 0.603439 0.0101493
10 0.0724325 0.0459738 0.861814 0.0197794
10 0.0787585 0.170714 0.680409 0.0701187
10 0.0716023 0.102054 0.748998 0.0773456
10 0.0710716 0.111942 0.804706 0.0122797
10 0.0638388 0.0696352 0.847689 0.0188375
10 0.0716639 0.0429484 0.86382 0.0215673
10 0.0626069 0.199248 0.712194 0.0259519
10 0.0824431 0.0787447 0.835912 0.0029005
10 0.0628582 0.188783 0.686059 0.0623
10 0.0732356 0.197095 0.647006 0.0826632
10 0.0813914 0.0964111 0.818261 0.00393609
10 0.0814796 0.0608298 0.836732 0.0209582
10 0.0660208 0.0543075 0.877687 0.00198466
10 0.0476587 0.116368 0.808639 0.0273348
10 0.0771038 0.103795 0.807861 0.0112403
10 0.0704357 0.0354061 0.853085 0.0410733
10 0.078873 0.10816 0.700551 0.112416
10 0.0633114 0.164336 0.691868 0.0804844
10 0.0684845 0.115536 0.773433 0.0425457
10 0.059974 0.245069 0.682244 0.0127133
10 0.0697034 0.104947 0.8019 0.0234499
10 0.0655785 0.123705 0.772972 0.0377449
10 0.0753847 0.135601 0.765631 0.0233835
10 0.0560941 0.0403548 0.883855 0.0196964
10 0.0699037 0.123051 0.730837 0.0762077
10 0.0564393 0.260252 0.67973 0.00357829
10 0.0638804 0.164713 0.631194 0.140213
10 0.0647492 0.22321 0.672155 0.0398856
10 0.0664618 0.125079 0.790084 0.0183748
10 0.0694923 0.127879 0.78992 0.0127094
10 0.0732544 0.123722 0.730481 0.0725426
10 0.068731 0.106399 0.82045 0.0044209
10 0.0731372 0.0522381 0.841943 0.0326817
10 0.0572729 0.280129 0.643848 0.0187506
10 0.0353589 0.12397 0.781527 0.0591435
10 0.0698177 0.123298 0.692657 0.114228
10 0.0440815 0.0830364 0.85243 0.0204519
10 0.0660555 0.204481 0.675598 0.0538655
10 0.0516756 0.288762 0.646803 0.0127599
10 0.0532791 0.126638 0.809781 0.0103016
10 0.0614127 0.0645379 0.845396 0.0286532
