15 0.0485776 0.574887 0.359043 0.0174923
15 0.04614 0.586716 0.363188 0.00395644
15 0.0608144 0.655927 0.273686 0.00957296
15 0.0711705 0.578541 0.312868 0.0374208
15 0.0548386 0.660831 0.266582 0.0177484
15 0.0658601 0.597002 0.325463 0.011675
15 0.0665572 0.56444 0.325241 0.0437614
15 0.0512298 0.654512 0.287793 0.00646604
15 0.0856802 0.607458 0.295432 0.0114294
15 0.0901874 0.34704 0.464267 0.0985058
15 0.0616763 0.610764 0.304571 0.0229889
15 0.0659687 0.621483 0.303557 0.00899119
15 0.0633268 0.559178 0.370884 0.006611
15 0.0543534 0.625816 0.318672 0.00115858
15 0.0868165 0.556634 0.347022 0.00952817
15 0.0582403 0.587601 0.345279 0.00887894
15 0.0953228 0.593774 0.302023 0.00888049
15 0.0606711 0.585305 0.327729 0.0262952
15 0.0680409 0.640138 0.290682 0.00113934
15 0.0598984 0.562679 0.362637 0.014786
15 0.0679182 0.636803 0.265849 0.0294297
15 0.0712751 0.487224 0.334218 0.107284
15 0.0445655 0.621333 0.313964 0.0201379
15 0.0686734 0.598609 0.322136 0.0105822
15 0.0716089 0.589968 0.321511 0.0169128
15 0.0433329 0.688048 0.265815 0.00280439
15 0.0559488 0.685662 0.249373 0.00901633
15 0.0612008 0.618963 0.315631 0.00420526
15 0.0612413 0.523008 0.372431 0.04332
15 0.0675663 0.578442 0.340387 0.0136048
15 0.0690796 0.612458 0.294321 0.0241416
15 0.078214 0.57109 0.333513 0.0171833
15 0.0973207 0.506781 0.378821 0.0170771
15 0.0643319 0.584335 0.303219 0.0481134
15 0.0688648 0.55672 0.35663 0.0177852
15 0.0448299 0.625364 0.327619 0.00218674
15 0.0670798 0.560364 0.340747 0.0318091
15 0.10541 0.501593 0.375324 0.017673
15 0.0538318 0.640923 0.286867 0.0183773
15 0.0713999 0.599524 0.32053 0.00854603
15 0.0556695 0.683764 0.259534 0.00103311
15 0.0676195 0.622654 0.307771 0.0019559
15 0.0722531 0.534446 0.343209 0.0500917
15 0.0687971 0.640317 0.273979 0.0169068
15 0.0580409 0.641863 0.298692 0.00140418
15 0.0652812 0.583052 0.334551 0.0171151
15 0.0639951 0.633078 0.284094 0.0188324
15 0.0722505 0.609649 0.307352 0.0107494
15 0.0523394 0.579506 0.346155 0.021999
15 0.066269 0.543059 0.36958 0.0210921
15 0.0814321 0.573103 0.323958 0.0215072
15 0.0628431 0.561804 0.359027 0.0163265
15 0.0797229 0.608086 0.282594 0.0295965
15 0.082583 0.635534 0.269918 0.0119646
15 0.0780917 0.60231 0.300464 0.0191346
15 0.108539 0.454763 0.414296 0.0224016
15 0.062662 0.592581 0.335497 0.00925971
15 0.0600484 0.559043 0.339627 0.0412819
15 0.0706661 0.626605 0.289073 0.0136555
15 0.0916986 0.50168 0.377779 0.0288424
15 0.093176 0.434222 0.449158 0.0234445
15 0.0565021 0.677825 0.250092 0.0155806
15 0.0596243 0.638424 0.293391 0.00856144
15 0.0678046 0.579235 0.321742 0.0312178
15 0.0644334 0.57501 0.327909 0.0326469
15 0.0647043 0.55853 0.342329 0.0344364
15 0.0438187 0.643806 0.29755 0.0148251
15 0.0890949 0.541979 0.344539 0.0243877
15 0.0527395 0.594844 0.334679 0.0177375
15 0.0486501 0.674175 0.264425 0.0127498
15 0.071771 0.542694 0.32853 0.0570057
15 0.062197 0.565848 0.345961 0.025994
15 0.0726587 0.568053 0.337424 0.0218646
15 0.050583 0.613404 0.326127 0.00988591
15 0.0599561 0.600565 0.309397 0.0300825
15 0.0469013 0.592694 0.3143 0.0461053
15 0.059938 0.567122 0.339997 0.0329431
15 0.0400146 0.590648 0.359233 0.0101038
15 0.0687778 0.567222 0.336488 0.0275121
15 0.0778551 0.585402 0.324436 0.0123066
15 0.0504585 0.622336 0.283914 0.0432914
15 0.0701436 0.534561 0.382353 0.0129414
15 0.0382184 0.624063 0.312095 0.0256239
15 0.0707821 0.547234 0.348169 0.0338145
15 0.0604983 0.604852 0.328633 0.00601706
15 0.0900784 0.441802 0.419817 0.0483026
15 0.0685208 0.529191 0.386687 0.0156014
15 0.0506962 0.62715 0.297458 0.0246954
15 0.0776455 0.562945 0.315183 0.0442261
15 0.0578403 0.613421 0.295716 0.0330226
15 0.0690254 0.61179 0.313545 0.00563978
15 0.0706263 0.546769 0.361296 0.0213079
15 0.05506 0.629181 0.306163 0.00959596
15 0.0765367 0.577285 0.319017 0.0271612
15 0.0732364 0.587374 0.330496 0.00889373
15 0.0655754 0.64209 0.291117 0.00121794
15 0.0864564 0.608063 0.302823 0.00265758
15 0.0741649 0.619612 0.300644 0.00557943
15 0.0568768 0.622982 0.296474 0.023667
15 0.0675285 0.617859 0.296696 0.0179169
