30 0.460046 0.173946 0.365518 0.000490193
30 0.566868 0.0245366 0.406357 0.00223852
30 0.405995 0.277908 0.313463 0.0026339
30 0.376204 0.253486 0.366674 0.00363619
30 0.472349 0.14982 0.376649 0.00118205
30 0.427375 0.203198 0.364908 0.00451936
30 0.440351 0.218612 0.340823 0.000213743
30 0.341002 0.319839 0.31509 0.02407
30 0.366345 0.27906 0.35369 0.000904691
30 0.415172 0.212987 0.371841 0
30 0.386151 0.298418 0.315403 2.76361e-05
30 0.456719 0.181712 0.361569 0
30 0.374941 0.262554 0.360559 0.00194544
30 0.472027 0.123532 0.401215 0.00322493
30 0.393621 0.304842 0.301538 0
30 0.447022 0.123888 0.413671 0.015419
30 0.429501 0.159231 0.410677 0.000591122
30 0.354706 0.327449 0.317845 0
30 0.326002 0.345013 0.327793 0.00119268
30 0.372053 0.302479 0.325259 0.000209594
30 0.556711 0.036744 0.403796 0.00274842
30 0.421766 0.23413 0.34147 0.00263357
30 0.531117 0.0850612 0.38269 0.00113243
30 0.424697 0.1649 0.406789 0.00361382
30 0.412835 0.23144 0.35315 0.00257426
30 0.505141 0.10804 0.385377 0.00144228
30 0.53464 0.0369926 0.427414 0.000952854
30 0.545523 0.0255916 0.427009 0.00187689
30 0.397658 0.237194 0.340458 0.0246905
30 0.468654 0.138781 0.387077 0.00548798
30 0.537152 0.0906331 0.369612 0.00260323
30 0.38493 0.259531 0.352805 0.0027338
30 0.37687 0.308882 0.311377 0.00287112
30 0.468355 0.15903 0.370171 0.0024439
30 0.483441 0.127802 0.384954 0.00380271
30 0.377107 0.267838 0.354397 0.000658281
30 0.457204 0.194579 0.34774 0.000477046
30 0.419641 0.201861 0.376349 0.00214962
30 0.368846 0.284683 0.344833 0.00163774
30 0.503179 0.0824937 0.41152 0.00280686
30 0.452025 0.202154 0.345821 0
30 0.493615 0.141287 0.357794 0.00730359
30 0.440937 0.225487 0.332179 0.0013968
30 0.485376 0.108979 0.401633 0.00401123
30 0.423573 0.244159 0.332268 0
30 0.434779 0.213358 0.35134 0.000523571
30 0.495616 0.0905037 0.385352 0.0285278
30 0.4574 0.166835 0.371152 0.00461375
30 0.40793 0.25402 0.334406 0.00364482
30 0.448857 0.19491 0.355678 0.000555428
30 0.458743 0.159945 0.381094 0.000218702
30 0.443771 0.153969 0.400635 0.00162476
30 0.454528 0.177748 0.36502 0.00270361
30 0.440351 0.189328 0.37032 0
30 0.444287 0.170455 0.383503 0.00175484
30 0.447226 0.175513 0.37515 0.00211113
30 0.375845 0.279178 0.343595 0.00138144
30 0.441115 0.143327 0.412128 0.00342985
30 0.404146 0.254804 0.339208 0.00184235
30 0.419174 0.187338 0.390479 0.00300832
30 0.413533 0.282916 0.303107 0.000443286
30 0.464447 0.143696 0.39029 0.0015674
30 0.416406 0.228292 0.350752 0.0045507
30 0.429536 0.219026 0.348861 0.00257619
30 0.396021 0.249844 0.353593 0.000542078
30 0.481697 0.0842852 0.434018 0
30 0.443906 0.193156 0.361289 0.00164903
30 0.39662 0.269265 0.334115 0
30 0.43151 0.210953 0.355588 0.00194837
30 0.504738 0.061203 0.431132 0.00292695
30 0.377863 0.291834 0.330303 0
30 0.413216 0.207177 0.377438 0.0021686
30 0.370159 0.303326 0.326515 0
30 0.414895 0.19426 0.389007 0.00183891
30 0.38798 0.251931 0.359501 0.000587368
30 0.384437 0.283408 0.329021 0.00313383
30 0.425017 0.178325 0.396658 0
30 0.421116 0.1786 0.393776 0.00650832
30 0.366458 0.251835 0.377392 0.0043156
30 0.402488 0.274378 0.32204 0.00109346
30 0.438927 0.191048 0.36776 0.00226485
30 0.334963 0.388295 0.276742 0
30 0.399665 0.259749 0.340586 0
30 0.502978 0.038815 0.455825 0.00238114
30 0.394537 0.258611 0.346035 0.000817047
30 0.349616 0.287454 0.359775 0.00315521
30 0.392001 0.245681 0.359182 0.00313568
30 0.409267 0.249198 0.338098 0.00343784
30 0.399621 0.214517 0.378898 0.00696362
30 0.436332 0.164564 0.376609 0.0224946
30 0.451664 0.109788 0.436287 0.00226141
30 0.380505 0.268519 0.348479 0.00249666
30 0.426842 0.197891 0.375266 0
30 0.405649 0.239789 0.352551 0.00201124
30 0.407671 0.206782 0.385324 0.000222505
30 0.463638 0.193149 0.342182 0.00103058
30 0.517463 0.0373871 0.443133 0.00201651
30 0.383585 0.251554 0.364822 3.8822e-05
30 0.508623 0.110764 0.37881 0.00180304
30 0.332098 0.339485 0.326787 0.00163051
