15 0.144775 0.581636 0.261104 0.0124844
15 0.163665 0.577145 0.255329 0.003861
15 0.153625 0.57415 0.264159 0.00806653
15 0.13873 0.609358 0.246342 0.00557038
15 0.146808 0.61276 0.2382 0.0022316
15 0.148185 0.572718 0.271768 0.00732891
15 0.182746 0.506623 0.29602 0.0146102
15 0.161097 0.581903 0.252455 0.00454591
15 0.181014 0.485721 0.324364 0.00890148
15 0.191023 0.49028 0.311242 0.00745459
15 0.156174 0.592738 0.245629 0.00545894
15 0.149575 0.551199 0.297842 0.00138382
15 0.192426 0.466682 0.333097 0.00779501
15 0.14514 0.620694 0.233895 0.000270968
15 0.163339 0.532587 0.296433 0.00764063
15 0.158635 0.552933 0.281128 0.0073041
15 0.190662 0.516004 0.290755 0.00257921
15 0.184607 0.505782 0.300372 0.00923926
15 0.151592 0.56047 0.2819 0.00603782
15 0.152766 0.573713 0.272372 0.0011492
15 0.146963 0.575048 0.272633 0.0053563
15 0.194296 0.507639 0.293894 0.0041702
15 0.150654 0.57147 0.271149 0.00672738
15 0.158396 0.553559 0.278603 0.00944147
15 0.171448 0.526047 0.294686 0.00781809
15 0.125636 0.629511 0.244684 0.000168871
15 0.17505 0.550325 0.266643 0.00798246
15 0.155419 0.535748 0.301817 0.00701576
15 0.127282 0.599141 0.26119 0.0123873
15 0.158474 0.553051 0.286232 0.00224167
15 0.154811 0.548396 0.291402 0.0053906
15 0.191635 0.471872 0.328058 0.00843575
15 0.140186 0.613202 0.246456 0.000155713
15 0.150717 0.586608 0.259077 0.00359758
15 0.156457 0.546646 0.290587 0.00631014
15 0.158244 0.555381 0.276934 0.00944136
15 0.216143 0.482321 0.298041 0.00349521
15 0.150246 0.576744 0.26845 0.00455968
15 0.163658 0.527368 0.300668 0.00830504
15 0.17973 0.513136 0.302373 0.00476092
15 0.161587 0.58579 0.252334 0.000289111
15 0.139178 0.599494 0.253846 0.00748196
15 0.156329 0.580803 0.260465 0.00240171
15 0.146455 0.576484 0.264221 0.0128397
15 0.166977 0.499891 0.326188 0.00694391
15 0.205424 0.456614 0.33146 0.00650277
15 0.155449 0.589069 0.242738 0.0127447
15 0.178411 0.512444 0.277396 0.0317495
15 0.168517 0.512834 0.310678 0.00797031
15 0.179965 0.50593 0.303052 0.0110528
15 0.148966 0.597482 0.250638 0.00291396
15 0.198104 0.462467 0.330756 0.00867265
15 0.146065 0.563566 0.27085 0.0195188
15 0.176927 0.536579 0.281153 0.00534108
15 0.124846 0.618482 0.253608 0.00306448
15 0.220372 0.457989 0.319323 0.00231648
15 0.173267 0.50586 0.314128 0.00674556
15 0.177511 0.528654 0.290192 0.00364258
15 0.195689 0.465592 0.330125 0.00859429
15 0.157436 0.558315 0.278207 0.006042
15 0.158331 0.581313 0.258311 0.00204507
15 0.158247 0.561365 0.280388 0
15 0.167141 0.551222 0.278484 0.00315198
15 0.164788 0.571913 0.261927 0.00137132
15 0.169205 0.55356 0.27349 0.00374534
15 0.146169 0.569069 0.267216 0.0175461
15 0.170672 0.544835 0.281881 0.00261123
15 0.13417 0.642797 0.21411 0.00892362
15 0.154893 0.555502 0.284404 0.00520111
15 0.240544 0.352492 0.396719 0.0102454
15 0.155052 0.575076 0.268676 0.00119658
15 0.134306 0.61972 0.245893 8.15338e-05
15 0.170588 0.526039 0.298658 0.00471502
15 0.158872 0.601634 0.236208 0.00328561
15 0.128561 0.630017 0.232526 0.00889596
15 0.182324 0.536507 0.277156 0.00401318
15 0.114947 0.652879 0.230204 0.0019704
15 0.172803 0.526399 0.297621 0.00317725
15 0.156445 0.563054 0.268479 0.0120222
15 0.187409 0.509799 0.295783 0.00700878
15 0.152719 0.573887 0.266689 0.00670513
15 0.157907 0.57756 0.264219 0.00031455
15 0.146585 0.562639 0.288026 0.00274991
15 0.167487 0.544311 0.283699 0.0045034
15 0.150014 0.552083 0.293888 0.00401461
15 0.122968 0.62249 0.245233 0.00930822
15 0.184964 0.495514 0.314651 0.00487111
15 0.156146 0.578485 0.261006 0.0043629
15 0.15603 0.568363 0.257022 0.0185857
15 0.161889 0.524581 0.312188 0.00134118
15 0.165615 0.529989 0.298998 0.00539795
15 0.167326 0.527417 0.299144 0.0061134
15 0.14846 0.559207 0.291128 0.00120501
15 0.160003 0.565457 0.274474 6.50879e-05
15 0.153594 0.589526 0.254151 0.00272909
15 0.159978 0.567419 0.260608 0.0119945
15 0.152515 0.556109 0.275448 0.0159272
15 0.216732 0.454952 0.320573 0.00774239
15 0.17018 0.55427 0.272571 0.00297884
15 0.159134 0.559607 0.27329 0.00796837
