25 0.0322028 0.643414 0.324383 0
25 0.0990344 0.424294 0.409244 0.0674284
25 0.0932879 0.479369 0.427343 0
25 0.0399088 0.472706 0.368059 0.119326
25 0.0500041 0.521331 0.428664 0
25 0.188093 0.358723 0.453183 0
25 0.0553915 0.518655 0.425954 0
25 0.0516888 0.603514 0.344797 0
25 0.113789 0.301793 0.518544 0.0658737
25 0.0628321 0.554895 0.382273 0
25 0.0580726 0.657956 0.283971 0
25 0.0331991 0.630456 0.336345 0
25 0.0571933 0.502604 0.440202 0
25 0.0496126 0.577312 0.373076 0
25 0.0478704 0.568541 0.348419 0.0351698
25 0.082129 0.485274 0.432597 0
25 0.0570386 0.488486 0.454476 0
25 0.186405 0.339868 0.473727 0
25 0.0545025 0.531463 0.399354 0.0146805
25 0.0404197 0.667563 0.292017 0
25 0.0275417 0.628858 0.339508 0.00409193
25 0.052197 0.541668 0.406135 0
25 0.102043 0.502183 0.395774 0
25 0.0818949 0.573145 0.34496 0
25 0.0510709 0.520932 0.427997 0
25 0.121404 0.545287 0.333309 0
25 0.10006 0.443069 0.456871 0
25 0.0558022 0.583117 0.361081 0
25 0.0524886 0.603809 0.343703 0
25 0.0634427 0.569081 0.367476 0
25 0.0997739 0.468042 0.432185 0
25 0.0649587 0.591383 0.343659 0
25 0.0592693 0.515011 0.425719 0
25 0.0801759 0.520732 0.399092 0
25 0.118768 0.476012 0.40522 0
25 0.0736932 0.457091 0.469215 0
25 0.0810545 0.488346 0.430599 0
25 0.0560116 0.6048 0.339189 0
25 0.138707 0.342802 0.51849 0
25 0.0736057 0.490138 0.436257 0
25 0.0619314 0.526696 0.411373 0
25 0.0579717 0.570907 0.371121 0
25 0.0809627 0.528731 0.390306 0
25 0.09742 0.425819 0.476761 0
25 0.0897288 0.532873 0.377399 0
25 0.0821685 0.382362 0.53547 0
25 0.0635207 0.470096 0.466384 0
25 0.0773978 0.492188 0.430415 0
25 0.17132 0.393865 0.434814 0
25 0.11073 0.546563 0.342706 0
25 0.122576 0.502676 0.374748 0
25 0.0546651 0.552377 0.392958 0
25 0.0633845 0.604011 0.332604 0
25 0.0651935 0.521092 0.413714 0
25 0.0649244 0.442517 0.492559 0
25 0.0903272 0.41096 0.498712 0
25 0.0509642 0.501484 0.447552 0
25 0.0712774 0.415735 0.512988 0
25 0.046462 0.504832 0.448706 0
25 0.0689756 0.462489 0.468536 0
25 0.0709443 0.471094 0.457962 0
25 0.120055 0.324155 0.55579 0
25 0.0564318 0.503701 0.439867 0
25 0.0816312 0.439603 0.478765 0
25 0.0784002 0.561417 0.360182 0
25 0.0571176 0.577994 0.364888 0
25 0.0645792 0.506374 0.429046 0
25 0.043923 0.643501 0.312576 0
25 0.17297 0.39483 0.4322 0
25 0.036517 0.549761 0.413722 0
25 0.0515 0.484592 0.431165 0.0327428
25 0.064064 0.572474 0.363462 0
25 0.121754 0.334823 0.543423 0
25 0.084216 0.393517 0.467381 0.054886
25 0.0708125 0.517032 0.412156 0
25 0.0248293 0.628983 0.346188 0
25 0.0672296 0.583939 0.348832 0
25 0.0903043 0.388986 0.520709 0
25 0.0911519 0.401351 0.507497 0
25 0.153363 0.352032 0.494605 0
25 0.0653234 0.508411 0.426265 0
25 0.145998 0.395058 0.458943 0
25 0.0500481 0.56699 0.382962 0
25 0.184098 0.303418 0.512484 0
25 0.0671734 0.397089 0.535737 0
25 0.0609838 0.552335 0.386681 0
25 0.045709 0.59997 0.354321 0
25 0.0850386 0.563337 0.351625 0
25 0.0374265 0.600831 0.319417 0.0423257
25 0.0426476 0.589115 0.368237 0
25 0.0980287 0.374705 0.527266 0
25 0.0416455 0.482872 0.475482 0
25 0.122029 0.42801 0.44996 0
25 0.0603478 0.43158 0.508072 0
25 0.11302 0.482814 0.404166 0
25 0.0317617 0.651526 0.316712 0
25 0.0625562 0.514918 0.422526 0
25 0.0965625 0.437773 0.465664 0
25 0.0784999 0.426233 0.495267 0
25 0.101878 0.395439 0.502683 0
