30 0.325416 0.305295 0.343653 0.025636
30 0.379822 0.232904 0.370486 0.0167876
30 0.40209 0.2075 0.390411 0
30 0.361473 0.286446 0.352081 0
30 0.338824 0.308904 0.352272 0
30 0.449302 0.136711 0.413986 0
30 0.292042 0.394707 0.313251 0
30 0.346079 0.265578 0.388343 0
30 0.463729 0.107835 0.428436 0
30 0.324158 0.300375 0.375467 0
30 0.317655 0.360565 0.321779 0
30 0.370887 0.266175 0.362938 0
30 0.472312 0.10693 0.420758 0
30 0.408876 0.19513 0.395995 0
30 0.350394 0.316217 0.333389 0
30 0.363317 0.249862 0.38682 0
30 0.361553 0.277334 0.361113 0
30 0.544059 0.0299342 0.426006 0
30 0.288288 0.386182 0.32553 0
30 0.389432 0.212176 0.398392 0
30 0.557233 0.0825854 0.360181 0
30 0.532116 0.082737 0.385147 0
30 0.442536 0.158924 0.39854 0
30 0.387468 0.213669 0.398863 0
30 0.403096 0.194448 0.402455 0
30 0.267678 0.389923 0.342399 0
30 0.363648 0.295565 0.340787 0
30 0.387507 0.150957 0.461535 0
30 0.228538 0.454915 0.316547 0
30 0.426309 0.174874 0.398817 0
30 0.376129 0.17799 0.445881 0
30 0.497464 0.135534 0.367002 0
30 0.487397 0.135977 0.376626 0
30 0.460454 0.120753 0.418793 0
30 0.406515 0.219256 0.374229 0
30 0.472814 0.0556828 0.471503 0
30 0.442236 0.186847 0.370917 0
30 0.399247 0.269869 0.330884 0
30 0.287504 0.395374 0.317121 0
30 0.396089 0.172417 0.424919 0.00657444
30 0.401294 0.22189 0.376816 0
30 0.46015 0.125784 0.414066 0
30 0.47283 0.0757578 0.451412 0
30 0.397417 0.238394 0.364189 0
30 0.323662 0.328937 0.347401 0
30 0.339363 0.275857 0.384779 0
30 0.423156 0.209446 0.367398 0
30 0.336205 0.297404 0.36639 0
30 0.420962 0.169338 0.4097 0
30 0.400797 0.201058 0.398145 0
30 0.464182 0.17787 0.357947 0
30 0.434164 0.145222 0.420614 0
30 0.426393 0.0739631 0.41991 0.0797338
30 0.298634 0.371396 0.309139 0.0208313
30 0.429306 0.16959 0.401104 0
30 0.282924 0.452783 0.264293 0
30 0.474394 0.113793 0.411813 0
30 0.32495 0.311595 0.363455 0
30 0.429429 0.242458 0.328113 0
30 0.397288 0.252488 0.350225 0
30 0.381889 0.162438 0.455673 0
30 0.429021 0.169923 0.401056 0
30 0.310581 0.291215 0.398205 0
30 0.479197 0.123664 0.397139 0
30 0.37067 0.330441 0.298888 0
30 0.344992 0.246433 0.408575 0
30 0.359897 0.284892 0.355211 0
30 0.369906 0.22624 0.364298 0.0395556
30 0.316967 0.372917 0.310115 0
30 0.391938 0.240952 0.36711 0
30 0.421745 0.151196 0.427059 0
30 0.294616 0.354797 0.350587 0
30 0.37811 0.262083 0.359808 0
30 0.393996 0.240054 0.35406 0.0118908
30 0.394651 0.200663 0.404686 0
30 0.359431 0.302446 0.338123 0
30 0.316648 0.358827 0.324526 0
30 0.392637 0.23148 0.375884 0
30 0.321326 0.306453 0.372222 0
30 0.288583 0.376094 0.335323 0
30 0.295341 0.331899 0.37276 0
30 0.39626 0.247818 0.355922 0
30 0.525735 0.0408491 0.433416 0
30 0.385648 0.204384 0.409968 0
30 0.394542 0.1896 0.394094 0.0217641
30 0.335457 0.316677 0.347866 0
30 0.402814 0.240736 0.35645 0
30 0.359158 0.341045 0.299798 0
30 0.406653 0.197433 0.395914 0
30 0.319686 0.376369 0.303944 0
30 0.385987 0.237504 0.376508 0
30 0.437309 0.177515 0.385176 0
30 0.355777 0.236786 0.407437 0
30 0.510994 0.0336565 0.45535 0
30 0.455061 0.171414 0.373524 0
30 0.363897 0.298419 0.337684 0
30 0.337078 0.324971 0.337951 0
30 0.440008 0.155017 0.404975 0
30 0.375377 0.258997 0.365626 0
30 0.31171 0.333058 0.355232 0
