20 0.12808 0.080201 0.708822 0.0828973
20 0.134818 0.0404445 0.78812 0.0366171
20 0.177646 0.128177 0.691032 0.00314403
20 0.154341 0.113426 0.727701 0.00453215
20 0.139633 0.0497314 0.759134 0.0515013
20 0.161265 0.124045 0.607337 0.107353
20 0.159095 0.101401 0.703698 0.0358072
20 0.134746 0.0862866 0.774405 0.00456239
20 0.104264 0.0991298 0.647345 0.149262
20 0.119945 0.167915 0.668604 0.0435367
20 0.158505 0.0206755 0.760614 0.0602052
20 0.144706 0.0156301 0.826366 0.0132981
20 0.152918 0.0846341 0.730368 0.0320805
20 0.156362 0.00513557 0.758628 0.0798741
20 0.142989 0.138004 0.66891 0.0500975
20 0.161369 0.0520856 0.75835 0.0281955
20 0.170093 0.106093 0.720086 0.00372833
20 0.16313 0.0745537 0.758147 0.0041688
20 0.15669 0.0962806 0.743268 0.00376207
20 0.111431 0.156555 0.674845 0.0571694
20 0.14859 0.0960614 0.731497 0.023851
20 0.149142 0.0700541 0.768865 0.0119393
20 0.139883 0.144023 0.686685 0.0294089
20 0.183716 0.0747876 0.599516 0.14198
20 0.125376 0.136572 0.715541 0.0225113
20 0.136572 0.229572 0.612669 0.0211865
20 0.126692 0.146745 0.700166 0.0263965
20 0.124614 0.170511 0.691216 0.0136594
20 0.147979 0.132593 0.67222 0.0472084
20 0.140499 0.0707653 0.671806 0.11693
20 0.163005 0.057931 0.739263 0.0398007
20 0.14857 0.352966 0.498464 0
20 0.139144 0.0797804 0.764994 0.0160817
20 0.132444 0.00893825 0.841446 0.0171714
20 0.1651 0.0956058 0.658201 0.081093
20 0.144708 0.0409652 0.786836 0.0274909
20 0.137514 0.119036 0.710074 0.0333761
20 0.196164 0.0733037 0.69077 0.039762
20 0.177912 0.03346 0.731947 0.056681
20 0.193109 0.0732069 0.641177 0.0925073
20 0.17207 0.127338 0.605717 0.0948754
20 0.168477 0.10261 0.726638 0.00227476
20 0.114015 0.108498 0.626836 0.15065
20 0.147981 0.0839317 0.755574 0.0125129
20 0.165922 0.0665932 0.745695 0.0217898
20 0.132273 0.0255732 0.834987 0.00716719
20 0.155907 0.0623026 0.734339 0.0474515
20 0.139329 0.0969162 0.742883 0.0208714
20 0.128594 0.0438139 0.823676 0.00391609
20 0.130375 0.213339 0.599405 0.0568821
20 0.165961 0.0371637 0.718086 0.0787899
20 0.229247 0.0682256 0.655507 0.0470204
20 0.144087 0.0890943 0.735332 0.0314869
20 0.13657 0.151218 0.680612 0.0315998
20 0.171173 0.013953 0.788793 0.026081
20 0.147101 0.0869679 0.671329 0.094602
20 0.141378 0.0469631 0.805051 0.0066072
20 0.146566 0.12671 0.724953 0.00177112
20 0.116739 0.204387 0.660317 0.0185573
20 0.152963 0.0613089 0.749095 0.0366329
20 0.154655 0.188367 0.62724 0.0297383
20 0.139535 0.187614 0.604552 0.0682984
20 0.157172 0.0813812 0.704905 0.0565418
20 0.182438 0.0679646 0.638394 0.111204
20 0.114582 0.149487 0.688252 0.0476795
20 0.127936 0.0802359 0.766297 0.0255314
20 0.159565 0.119511 0.687306 0.033618
20 0.147301 0.0785343 0.731774 0.0423907
20 0.143426 0.116948 0.566353 0.173274
20 0.184348 0.0133504 0.793946 0.00835605
20 0.168449 0.0720732 0.671097 0.088381
20 0.138999 0.176231 0.675466 0.00930448
20 0.157219 0.182999 0.633997 0.0257847
20 0.137724 0.161719 0.662881 0.0376762
20 0.158497 0.0933101 0.748193 0
20 0.153693 0.0883923 0.636881 0.121034
20 0.153397 0.108867 0.673752 0.0639845
20 0.127536 0.137659 0.699413 0.035392
20 0.152367 0.134416 0.670161 0.0430557
20 0.144166 0.156426 0.638071 0.061337
20 0.135691 0.128884 0.709356 0.0260687
20 0.144579 0.183916 0.649448 0.0220573
20 0.144423 0.206894 0.592194 0.0564891
20 0.154349 0.123453 0.697734 0.0244641
20 0.154963 0.0181167 0.785404 0.0415156
20 0.118208 0.20238 0.617631 0.0617818
20 0.175426 0.116376 0.705926 0.00227211
20 0.179727 0.0694686 0.740683 0.010121
20 0.125342 0.0812916 0.778747 0.014619
20 0.133565 0.222792 0.595611 0.0480319
20 0.170415 0.108918 0.639012 0.0816552
20 0.141441 0.177376 0.62326 0.057923
20 0.127958 0.127367 0.684127 0.0605478
20 0.152236 0.223184 0.604442 0.0201378
20 0.181009 0.095372 0.648229 0.0753905
20 0.0980998 0.189363 0.641573 0.0709645
20 0.146097 0.125668 0.713555 0.01468
20 0.155773 0.0819492 0.672705 0.0895727
20 0.152537 0.0636697 0.748867 0.0349257
20 0.0872507 0.247225 0.639191 0.0263338
