30 0.434749 0.22062 0.344631 0
30 0.409025 0.246824 0.344151 0
30 0.37898 0.298705 0.322315 0
30 0.347775 0.324715 0.327511 0
30 0.525092 0.121503 0.353405 0
30 0.447241 0.199275 0.353483 0
30 0.394702 0.240218 0.347971 0.0171089
30 0.439033 0.191913 0.369053 0
30 0.362373 0.329572 0.308055 0
30 0.452516 0.167924 0.350814 0.0287459
30 0.308153 0.393528 0.29832 0
30 0.394646 0.250224 0.35513 0
30 0.425016 0.228877 0.346107 0
30 0.29787 0.404276 0.297854 0
30 0.43869 0.143825 0.417484 0
30 0.321005 0.37876 0.300234 0
30 0.440986 0.189974 0.36904 0
30 0.411191 0.245108 0.343701 0
30 0.461452 0.169923 0.368625 0
30 0.592381 0.0237728 0.383846 0
30 0.451417 0.170581 0.378002 0
30 0.316899 0.390921 0.29218 0
30 0.408057 0.230025 0.361918 0
30 0.360288 0.258194 0.381518 0
30 0.473423 0.135049 0.391528 0
30 0.570324 0.0298018 0.399874 0
30 0.471379 0.127731 0.40089 0
30 0.352033 0.333479 0.314488 0
30 0.28279 0.471249 0.245961 0
30 0.486667 0.147651 0.365682 0
30 0.483509 0.0790259 0.437465 0
30 0.406623 0.208639 0.384738 0
30 0.46294 0.164078 0.372981 0
30 0.473449 0.155856 0.370695 0
30 0.383221 0.240287 0.376492 0
30 0.445279 0.166483 0.388238 0
30 0.399463 0.201258 0.399279 0
30 0.482976 0.0989786 0.418045 0
30 0.419728 0.230468 0.349804 0
30 0.515603 0.130215 0.354182 0
30 0.378832 0.304924 0.316244 0
30 0.373936 0.289629 0.336434 0
30 0.335123 0.342663 0.322214 0
30 0.436407 0.196135 0.367458 0
30 0.493885 0.0776412 0.428474 0
30 0.450501 0.165396 0.384103 0
30 0.442445 0.155909 0.401646 0
30 0.398896 0.275749 0.325355 0
30 0.339741 0.37516 0.2851 0
30 0.283837 0.426561 0.289602 0
30 0.37845 0.248364 0.373186 0
30 0.317371 0.401942 0.280687 0
30 0.399297 0.245582 0.355121 0
30 0.372595 0.262119 0.365286 0
30 0.395249 0.277444 0.327307 0
30 0.364627 0.309388 0.325985 0
30 0.36512 0.303367 0.331513 0
30 0.498348 0.0937422 0.40791 0
30 0.469184 0.143333 0.387483 0
30 0.444132 0.220761 0.335107 0
30 0.474481 0.151346 0.374173 0
30 0.283295 0.467634 0.249072 0
30 0.263219 0.461636 0.275145 0
30 0.296027 0.422535 0.281438 0
30 0.374657 0.312641 0.312703 0
30 0.483592 0.119877 0.396531 0
30 0.358028 0.269175 0.372797 0
30 0.303994 0.43037 0.265636 0
30 0.400093 0.269225 0.330681 0
30 0.323973 0.393189 0.282838 0
30 0.400873 0.286821 0.312306 0
30 0.361029 0.310592 0.328379 0
30 0.49933 0.122813 0.377856 0
30 0.319345 0.440541 0.240114 0
30 0.420589 0.183447 0.395964 0
30 0.326641 0.359764 0.313595 0
30 0.419526 0.19349 0.386984 0
30 0.312283 0.389192 0.283186 0.0153396
30 0.431839 0.273419 0.294742 0
30 0.406763 0.200104 0.393133 0
30 0.357601 0.323921 0.318479 0
30 0.292234 0.455298 0.252468 0
30 0.427922 0.213709 0.35837 0
30 0.459317 0.194275 0.346408 0
30 0.355611 0.326437 0.317953 0
30 0.436412 0.15246 0.411128 0
30 0.456304 0.158908 0.384788 0
30 0.463047 0.194918 0.342034 0
30 0.390914 0.286023 0.323063 0
30 0.492546 0.145976 0.361478 0
30 0.415995 0.24667 0.337335 0
30 0.431851 0.265973 0.302176 0
30 0.436659 0.251305 0.312036 0
30 0.510972 0.0698879 0.41914 0
30 0.426779 0.171926 0.401295 0
30 0.457069 0.142055 0.381076 0.0198
30 0.420766 0.263357 0.315876 0
30 0.368544 0.314405 0.31705 0
30 0.467421 0.131616 0.400963 0
30 0.447431 0.146414 0.406155 0
