20 0.103397 0.105206 0.761279 0.0301188
20 0.101788 0.117172 0.736344 0.0446962
20 0.0680399 0.256492 0.660533 0.0149355
20 0.242129 0.0399463 0.717925 0
20 0.100999 0.101238 0.759544 0.0382193
20 0.0936935 0.0331315 0.835607 0.0375679
20 0.129598 0.222835 0.540575 0.106991
20 0.0778352 0.0764663 0.80932 0.0363784
20 0.132947 0.114247 0.726097 0.0267093
20 0.0814222 0.0866803 0.830928 0.000969802
20 0.109335 0.086711 0.803944 1.00718e-05
20 0.111923 0.110775 0.763067 0.0142356
20 0.0682831 0.0893447 0.805178 0.037194
20 0.0953985 0.168912 0.720415 0.0152749
20 0.077493 0.084016 0.817934 0.0205567
20 0.0978602 0.261126 0.573842 0.0671717
20 0.094323 0.103821 0.770071 0.0317843
20 0.116728 0.125018 0.751767 0.00648713
20 0.134 0.0194318 0.83969 0.00687811
20 0.112433 0.123677 0.75051 0.0133796
20 0.10303 0.0862273 0.765648 0.0450943
20 0.103147 0.0682324 0.820921 0.00769998
20 0.0906841 0.077825 0.811156 0.0203348
20 0.0950065 0.116253 0.76952 0.0192206
20 0.0953898 0.0934716 0.772278 0.0388608
20 0.0940318 0.071724 0.826317 0.00792673
20 0.117553 0.106333 0.757845 0.0182682
20 0.103387 0.185792 0.701577 0.00924412
20 0.0999291 0.130028 0.768817 0.00122596
20 0.0833835 0.0821586 0.783657 0.0508007
20 0.0936594 0.0412175 0.844212 0.0209108
20 0.0791966 0.0971307 0.810197 0.0134753
20 0.0776597 0.0638345 0.844979 0.0135272
20 0.0899311 0.116532 0.764896 0.0286411
20 0.104573 0.0458376 0.820278 0.0293118
20 0.0804206 0.0392358 0.864654 0.0156895
20 0.0769655 0.196785 0.698175 0.0280745
20 0.094251 0.144892 0.740496 0.0203613
20 0.0966426 0.220139 0.648733 0.0344856
20 0.0995323 0.118074 0.767044 0.0153496
20 0.0962912 0.121378 0.771934 0.010397
20 0.112364 0.105411 0.76236 0.0198647
20 0.108854 0.0707486 0.814027 0.00637022
20 0.115705 0.0206755 0.858181 0.00543796
20 0.0933112 0.179509 0.699413 0.0277668
20 0.107601 0.126938 0.752831 0.0126305
20 0.121574 0.0616281 0.807274 0.00952336
20 0.125725 0.115245 0.713513 0.0455171
20 0.0943558 0.218382 0.62911 0.058153
20 0.132064 0.071238 0.753758 0.0429392
20 0.120172 0.146781 0.724194 0.00885367
20 0.0882357 0.228476 0.659209 0.0240792
20 0.0806942 0.102534 0.816727 4.44322e-05
20 0.0932971 0.107863 0.774158 0.0246819
20 0.107222 0.169605 0.709015 0.014158
20 0.0809188 0.200162 0.696793 0.0221261
20 0.103649 0.0928992 0.803058 0.000394322
20 0.0850701 0.151473 0.756773 0.00668435
20 0.0950669 0.127223 0.768823 0.00888747
20 0.0780485 0.28405 0.633752 0.00414901
20 0.0633519 0.0630865 0.848391 0.0251708
20 0.101674 0.176623 0.667453 0.0542505
20 0.0981182 0.19249 0.708787 0.000604727
20 0.0909258 0.0667998 0.839577 0.00269719
20 0.0846888 0.113207 0.790323 0.011781
20 0.109928 0.0724847 0.814595 0.00299216
20 0.131526 0 0.846389 0.0220849
20 0.0952389 0.206804 0.671691 0.0262662
20 0.0834603 0.17293 0.743578 3.13438e-05
20 0.0784386 0.0419133 0.873697 0.00595131
20 0.110386 0.165045 0.717213 0.0073548
20 0.13523 0.0211469 0.822826 0.0207977
20 0.0847848 0.120438 0.781557 0.0132195
20 0.122879 0.173473 0.68901 0.0146393
20 0.109267 0.0869104 0.756894 0.0469292
20 0.0942779 0.0781461 0.81202 0.0155562
20 0.101809 0.211125 0.682949 0.00411722
20 0.0623041 0.152086 0.75384 0.03177
20 0.0916705 0.13356 0.745301 0.0294685
20 0.113849 0.0533682 0.815546 0.0172376
20 0.0686731 0.0854544 0.841639 0.00423325
20 0.0803047 0.154279 0.761846 0.00357044
20 0.0848658 0.221853 0.686922 0.00635953
20 0.0964248 0.0972776 0.796091 0.0102067
20 0.0898647 0.157969 0.732743 0.0194231
20 0.0774002 0.0848741 0.816558 0.0211678
20 0.0950259 0.184682 0.709753 0.0105387
20 0.0978966 0.127454 0.767825 0.00682442
20 0.0900058 0.181251 0.702506 0.0262381
20 0.0867009 0.163836 0.733867 0.0155958
20 0.0968978 0.0914796 0.790511 0.0211117
20 0.0612388 0.157628 0.78098 0.000153157
20 0.102 0.22438 0.636676 0.0369443
20 0.0850638 0.274698 0.639133 0.00110539
20 0.122287 0.0297382 0.831109 0.0168666
20 0.126202 0.0647882 0.789977 0.0190327
20 0.0987121 0.243986 0.646931 0.0103706
20 0.120477 0.106656 0.720991 0.0518759
20 0.106474 0.208387 0.584593 0.100547
20 0.0810534 0.14613 0.769965 0.00285172
