30 0.275208 0.4586 0.266192 0
30 0.386463 0.232123 0.381414 0
30 0.225716 0.466912 0.307372 0
30 0.409201 0.150025 0.440774 0
30 0.32429 0.213176 0.462535 0
30 0.313151 0.225451 0.461398 0
30 0.338015 0.246797 0.415188 0
30 0.308475 0.21134 0.421495 0.0586898
30 0.388987 0.158162 0.452851 0
30 0.40148 0.140315 0.458205 0
30 0.348184 0.204655 0.447161 0
30 0.384705 0.146487 0.439648 0.0291592
30 0.340504 0.20111 0.458386 0
30 0.324272 0.192273 0.483455 0
30 0.371744 0.193272 0.434984 0
30 0.390748 0.174167 0.435085 0
30 0.333884 0.28162 0.384495 0
30 0.300575 0.308579 0.390846 0
30 0.335845 0.191416 0.472739 0
30 0.250177 0.32846 0.421363 0
30 0.30111 0.44042 0.25847 0
30 0.4177 0.0651585 0.517141 0
30 0.321671 0.175673 0.502656 0
30 0.348218 0.215134 0.436648 0
30 0.438576 0.181727 0.379697 0
30 0.347147 0.161595 0.491258 0
30 0.389562 0.187845 0.422594 0
30 0.410431 0.125755 0.44554 0.0182748
30 0.346472 0.181647 0.47188 0
30 0.492164 0.0274269 0.480409 0
30 0.407108 0.107541 0.485351 0
30 0.31408 0.20231 0.483611 0
30 0.305801 0.227853 0.466345 0
30 0.256091 0.380045 0.363864 0
30 0.336355 0.288272 0.375373 0
30 0.432662 0.102466 0.464871 0
30 0.396589 0.142645 0.460766 0
30 0.323639 0.250697 0.425664 0
30 0.347316 0.311382 0.341302 0
30 0.313657 0.415871 0.270472 0
30 0.315444 0.267475 0.417081 0
30 0.232011 0.391559 0.37643 0
30 0.422632 0.0804758 0.496892 0
30 0.377628 0.154174 0.468199 0
30 0.426173 0.139584 0.434244 0
30 0.324856 0.232345 0.442799 0
30 0.323488 0.263754 0.412758 0
30 0.3519 0.283369 0.364731 0
30 0.297965 0.246189 0.455846 0
30 0.342226 0.252882 0.404892 0
30 0.346479 0.220247 0.433274 0
30 0.340935 0.17837 0.426595 0.0540998
30 0.315576 0.269053 0.415371 0
30 0.374793 0.151401 0.473805 0
30 0.460581 0.105756 0.433663 0
30 0.349285 0.166315 0.4844 0
30 0.340084 0.237025 0.42289 0
30 0.320933 0.243704 0.435363 0
30 0.24793 0.433378 0.318692 0
30 0.291762 0.292915 0.415323 0
30 0.306767 0.408521 0.284712 0
30 0.25088 0.426013 0.323107 0
30 0.360766 0.178298 0.460936 0
30 0.467813 0.139392 0.392795 0
30 0.237226 0.411614 0.35116 0
30 0.377028 0.178269 0.444703 0
30 0.287889 0.309293 0.402817 0
30 0.299623 0.32285 0.377528 0
30 0.38119 0.0900304 0.528779 0
30 0.2412 0.438595 0.320205 0
30 0.433264 0.145997 0.420738 0
30 0.4048 0.217478 0.377722 0
30 0.407563 0.147532 0.444906 0
30 0.331794 0.254371 0.413835 0
30 0.397613 0.260567 0.34182 0
30 0.437754 0.0575571 0.504688 0
30 0.365511 0.236966 0.397523 0
30 0.291289 0.184313 0.437123 0.0872752
30 0.32345 0.221143 0.455407 0
30 0.305292 0.275582 0.419126 0
30 0.389987 0.170649 0.439364 0
30 0.430815 0.125213 0.443972 0
30 0.243424 0.4137 0.342876 0
30 0.298916 0.260334 0.44075 0
30 0.300254 0.335545 0.364202 0
30 0.333555 0.256763 0.409682 0
30 0.346546 0.29089 0.316972 0.0455907
30 0.382508 0.155634 0.461858 0
30 0.392451 0.0801129 0.527436 0
30 0.374718 0.214652 0.41063 0
30 0.267538 0.329238 0.403223 0
30 0.347793 0.305312 0.346895 0
30 0.273107 0.291763 0.435131 0
30 0.470884 0.134546 0.39457 0
30 0.325394 0.227059 0.447547 0
30 0.293313 0.347719 0.358968 0
30 0.266861 0.276498 0.456641 0
30 0.39978 0.147329 0.452891 0
30 0.287909 0.329479 0.382612 0
30 0.304264 0.293515 0.402221 0
