20 0.0445342 0.532939 0.422527 0
20 0.0482808 0.621137 0.330582 0
20 0.025643 0.638605 0.335752 0
20 0.0216709 0.664881 0.313448 0
20 0.0309021 0.575331 0.393767 0
20 0.0470088 0.63312 0.319871 0
20 0.0343896 0.594886 0.370725 0
20 0.0383958 0.554054 0.37833 0.0292204
20 0.0305606 0.574146 0.395294 0
20 0.0488753 0.638175 0.31295 0
20 0.045803 0.665048 0.262929 0.0262202
20 0.0430782 0.619612 0.33731 0
20 0.0613862 0.498535 0.409096 0.0309837
20 0.0667811 0.611776 0.321443 0
20 0.0481523 0.65673 0.295118 0
20 0.0648583 0.615259 0.319883 0
20 0.0244576 0.676853 0.272082 0.0266075
20 0.0372467 0.676663 0.286091 0
20 0.0270569 0.659092 0.313851 0
20 0.0675795 0.472056 0.460364 0
20 0.070255 0.527056 0.402689 0
20 0.0202653 0.601753 0.377982 0
20 0.0238122 0.651086 0.325101 0
20 0.0210846 0.679345 0.29957 0
20 0.100992 0.467116 0.431893 0
20 0.0267283 0.669055 0.304217 0
20 0.0211918 0.685552 0.293257 0
20 0.0456935 0.616264 0.338042 0
20 0.0299567 0.644621 0.325422 0
20 0.01898 0.653325 0.299534 0.0281602
20 0.0255331 0.614562 0.359905 0
20 0.0324123 0.650673 0.316914 0
20 0.0526534 0.605514 0.341833 0
20 0.0531992 0.556691 0.358 0.0321095
20 0.0201482 0.578393 0.401459 0
20 0.0471043 0.639416 0.313479 0
20 0.0296277 0.46894 0.501432 0
20 0.0344502 0.591889 0.373661 0
20 0.0273241 0.665839 0.306837 0
20 0.0275993 0.665673 0.306728 0
20 0.026447 0.654409 0.319144 0
20 0.0353233 0.612847 0.35183 0
20 0.0337189 0.53864 0.427641 0
20 0.02595 0.655906 0.318144 0
20 0.0234456 0.656538 0.291524 0.0284918
20 0.0494662 0.55392 0.360934 0.0356805
20 0.0493464 0.558046 0.392607 0
20 0.0703782 0.524457 0.405165 0
20 0.035577 0.585963 0.37846 0
20 0.0809604 0.565938 0.353101 0
20 0.021276 0.684 0.294724 0
20 0.0252232 0.680241 0.294536 0
20 0.0325166 0.621399 0.346084 0
20 0.0683529 0.531954 0.399693 0
20 0.0378061 0.646446 0.315748 0
20 0.113596 0.496909 0.389495 0
20 0.0407442 0.538395 0.42086 0
20 0.027334 0.687611 0.285055 0
20 0.0342557 0.60644 0.359305 0
20 0.036941 0.57545 0.361324 0.0262853
20 0.0344696 0.619808 0.345722 0
20 0.0262005 0.628881 0.344918 0
20 0.0266229 0.718 0.255378 0
20 0.0258487 0.577369 0.396783 0
20 0.0350554 0.479284 0.485661 0
20 0.0709106 0.526881 0.402209 0
20 0.048642 0.546797 0.404561 0
20 0.0281394 0.588563 0.383298 0
20 0.0356634 0.613458 0.350879 0
20 0.025114 0.672296 0.30259 0
20 0.041019 0.615715 0.343266 0
20 0.0488843 0.601612 0.349504 0
20 0.0297036 0.647385 0.321744 0.00116748
20 0.0308411 0.575752 0.393407 0
20 0.0326796 0.647271 0.320049 0
20 0.0456832 0.449583 0.504734 0
20 0.0337747 0.574774 0.391452 0
20 0.0281024 0.620386 0.351512 0
20 0.0223529 0.720961 0.256686 0
20 0.0402347 0.587871 0.371895 0
20 0.0268658 0.565536 0.407598 0
20 0.0210621 0.632783 0.346155 0
20 0.0360739 0.56685 0.397076 0
20 0.0406907 0.590115 0.369194 0
20 0.0360793 0.595697 0.368224 0
20 0.0395705 0.60428 0.35615 0
20 0.0246473 0.591797 0.383556 0
20 0.0336457 0.577087 0.389267 0
20 0.0600649 0.519771 0.420164 0
20 0.0396262 0.58217 0.378204 0
20 0.0216764 0.695725 0.282599 0
20 0.0734253 0.499376 0.427199 0
20 0.13635 0.459014 0.404636 0
20 0.0300049 0.631777 0.338219 0
20 0.0220819 0.685862 0.292056 0
20 0.0251484 0.703914 0.270938 0
20 0.036884 0.610169 0.352947 0
20 0.0434226 0.55516 0.401417 0
20 0.0886923 0.540572 0.370735 0
20 0.0352773 0.583983 0.38074 0
