25 0.331118 0.314476 0.354406 0
25 0.457812 0.147163 0.381325 0.013701
25 0.318606 0.325504 0.35589 0
25 0.325674 0.339147 0.335179 0
25 0.314744 0.368961 0.316296 0
25 0.279875 0.42765 0.292475 0
25 0.256581 0.445352 0.298067 0
25 0.261519 0.460484 0.277997 0
25 0.239546 0.472483 0.287971 0
25 0.268969 0.413109 0.317922 0
25 0.349367 0.335158 0.315475 0
25 0.25158 0.527232 0.221189 0
25 0.289878 0.388293 0.32183 0
25 0.290807 0.35656 0.352633 0
25 0.307992 0.415813 0.276195 0
25 0.351382 0.29201 0.33721 0.0193981
25 0.320065 0.365694 0.314241 0
25 0.359264 0.281543 0.359193 0
25 0.293411 0.397103 0.309486 0
25 0.27897 0.428208 0.292822 0
25 0.353512 0.322537 0.32395 0
25 0.255415 0.469559 0.275027 0
25 0.317526 0.325918 0.356556 0
25 0.268306 0.475796 0.255898 0
25 0.282151 0.41471 0.303139 0
25 0.356023 0.278782 0.357368 0.00782715
25 0.359241 0.307204 0.333555 0
25 0.253554 0.432895 0.313551 0
25 0.276772 0.452364 0.270865 0
25 0.292902 0.42308 0.284018 0
25 0.373816 0.307732 0.318452 0
25 0.354088 0.274032 0.34937 0.0225101
25 0.310203 0.366521 0.323276 0
25 0.401358 0.228892 0.36975 0
25 0.219448 0.496962 0.28359 0
25 0.350093 0.282325 0.367582 0
25 0.411473 0.215292 0.373235 0
25 0.242169 0.450257 0.307574 0
25 0.348447 0.317671 0.333882 0
25 0.291207 0.360857 0.347936 0
25 0.284193 0.406853 0.308953 0
25 0.304318 0.397219 0.298462 0
25 0.317963 0.360772 0.321265 0
25 0.287993 0.383329 0.328678 0
25 0.295619 0.370312 0.334069 0
25 0.298392 0.364676 0.336933 0
25 0.315423 0.362731 0.321846 0
25 0.190279 0.604682 0.205039 0
25 0.264252 0.478698 0.25705 0
25 0.259127 0.485731 0.255143 0
25 0.34373 0.299636 0.356634 0
25 0.24186 0.466122 0.292018 0
25 0.30833 0.345683 0.345987 0
25 0.362187 0.281434 0.356379 0
25 0.269501 0.430621 0.299877 0
25 0.30423 0.389417 0.306353 0
25 0.238823 0.505495 0.255682 0
25 0.211456 0.551848 0.236696 0
25 0.288379 0.397825 0.313796 0
25 0.345632 0.340486 0.313882 0
25 0.30161 0.384424 0.313966 0
25 0.327835 0.329266 0.342898 0
25 0.340908 0.328134 0.31742 0.0135384
25 0.272217 0.452955 0.274828 0
25 0.27087 0.449244 0.279886 0
25 0.289192 0.407349 0.303458 0
25 0.301454 0.377005 0.321541 0
25 0.306416 0.387531 0.306053 0
25 0.35234 0.326575 0.321085 0
25 0.302693 0.361318 0.335989 0
25 0.359458 0.302455 0.338087 0
25 0.308031 0.408867 0.283102 0
25 0.435944 0.212805 0.351251 0
25 0.279349 0.4437 0.276951 0
25 0.30447 0.396584 0.298946 0
25 0.311326 0.344929 0.343745 0
25 0.361833 0.267451 0.362488 0.00822854
25 0.225218 0.52008 0.254703 0
25 0.397374 0.225278 0.377348 0
25 0.283178 0.425648 0.291174 0
25 0.395437 0.216296 0.388268 0
25 0.282985 0.414122 0.302894 0
25 0.27296 0.442224 0.284816 0
25 0.292694 0.398783 0.308523 0
25 0.357909 0.302592 0.339499 0
25 0.257411 0.449898 0.29269 0
25 0.360648 0.312616 0.326736 0
25 0.301265 0.399433 0.299302 0
25 0.278377 0.423061 0.298562 0
25 0.386091 0.210555 0.403354 0
25 0.281607 0.413241 0.305151 0
25 0.282718 0.437309 0.279973 0
25 0.277726 0.424578 0.297695 0
25 0.283831 0.395941 0.320228 0
25 0.243458 0.468676 0.287866 0
25 0.363394 0.276733 0.359873 0
25 0.338143 0.353711 0.308146 0
25 0.241076 0.458423 0.285997 0.0145046
25 0.255553 0.433056 0.311391 0
25 0.402559 0.270239 0.327201 0
