25 0.246067 0.389298 0.364636 0
25 0.210202 0.49078 0.299018 0
25 0.278296 0.398183 0.323521 0
25 0.217626 0.47125 0.293311 0.0178127
25 0.245343 0.402452 0.352205 0
25 0.315208 0.330607 0.354185 0
25 0.203266 0.470031 0.326703 0
25 0.409078 0.160805 0.430117 0
25 0.253779 0.399353 0.346868 0
25 0.254268 0.386967 0.358764 0
25 0.288262 0.368319 0.343419 0
25 0.27958 0.382389 0.338031 0
25 0.210136 0.494468 0.295396 0
25 0.225926 0.486091 0.287982 0
25 0.24672 0.414655 0.331454 0.0071714
25 0.201655 0.499641 0.298704 0
25 0.303028 0.263274 0.433698 0
25 0.255291 0.313994 0.430715 0
25 0.294915 0.320891 0.384194 0
25 0.202051 0.47666 0.321289 0
25 0.295802 0.334428 0.369771 0
25 0.203916 0.461936 0.334148 0
25 0.324363 0.30427 0.371367 0
25 0.230708 0.45366 0.315632 0
25 0.29931 0.339948 0.360742 0
25 0.218085 0.547853 0.234061 0
25 0.259483 0.383043 0.357473 0
25 0.30361 0.351044 0.345345 0
25 0.19986 0.463234 0.336906 0
25 0.309357 0.311443 0.3792 0
25 0.27178 0.313725 0.414495 0
25 0.334937 0.273797 0.391267 0
25 0.254499 0.369777 0.375724 0
25 0.20062 0.498032 0.301349 0
25 0.339048 0.244 0.416952 0
25 0.241771 0.459612 0.298617 0
25 0.292222 0.317717 0.390061 0
25 0.236615 0.460538 0.302847 0
25 0.246485 0.428329 0.325186 0
25 0.208036 0.485978 0.305986 0
25 0.198331 0.519385 0.282284 0
25 0.337237 0.3096 0.351108 0.00205451
25 0.245688 0.365329 0.388982 0
25 0.324865 0.294292 0.380843 0
25 0.22351 0.45079 0.3257 0
25 0.232827 0.402912 0.364261 0
25 0.350348 0.256554 0.393097 0
25 0.296943 0.333567 0.36949 0
25 0.223802 0.477449 0.298749 0
25 0.283093 0.35264 0.364267 0
25 0.273898 0.362841 0.363261 0
25 0.258636 0.372865 0.368499 0
25 0.196396 0.535358 0.268246 0
25 0.381186 0.204145 0.414669 0
25 0.237212 0.419169 0.343619 0
25 0.264269 0.380018 0.355713 0
25 0.255149 0.441849 0.303003 0
25 0.301947 0.353079 0.344973 0
25 0.213663 0.513769 0.266771 0.00579756
25 0.191705 0.50012 0.308175 0
25 0.3604 0.249748 0.389852 0
25 0.246151 0.44332 0.310528 0
25 0.185699 0.467928 0.320534 0.0258392
25 0.176832 0.586333 0.236835 0
25 0.399114 0.192946 0.40794 0
25 0.256194 0.395942 0.347864 0
25 0.232208 0.425776 0.342016 0
25 0.385124 0.205718 0.409158 0
25 0.340246 0.260011 0.399744 0
25 0.214583 0.475619 0.309798 0
25 0.205529 0.525039 0.269432 0
25 0.289138 0.339793 0.371069 0
25 0.26753 0.376083 0.356387 0
25 0.361306 0.261169 0.377525 0
25 0.277796 0.356096 0.366108 0
25 0.224561 0.479218 0.296221 0
25 0.200339 0.522054 0.277607 0
25 0.312857 0.333066 0.354077 0
25 0.18773 0.489617 0.310675 0.0119779
25 0.303301 0.316638 0.380061 0
25 0.168632 0.528604 0.302763 0
25 0.295679 0.350502 0.353819 0
25 0.304074 0.292569 0.403358 0
25 0.299952 0.317451 0.382597 0
25 0.273684 0.393393 0.332923 0
25 0.235029 0.465439 0.299532 0
25 0.372627 0.2434 0.383972 0
25 0.312123 0.335023 0.352853 0
25 0.27937 0.371391 0.34924 0
25 0.227609 0.451456 0.320935 0
25 0.292722 0.366574 0.340705 0
25 0.263474 0.432899 0.303627 0
25 0.202801 0.48602 0.311179 0
25 0.189359 0.59187 0.218772 0
25 0.24761 0.400633 0.351756 0
25 0.287137 0.388994 0.323869 0
25 0.286668 0.21948 0.432662 0.0611893
25 0.355114 0.282864 0.362022 0
25 0.351255 0.269072 0.379673 0
25 0.282382 0.372489 0.345128 0
