30 0.319036 0.219041 0.461923 0
30 0.239488 0.346879 0.413633 0
30 0.403047 0.132873 0.464079 0
30 0.179269 0.476609 0.344123 0
30 0.258998 0.268279 0.472723 0
30 0.217572 0.362945 0.419483 0
30 0.304377 0.200029 0.495594 0
30 0.28126 0.194034 0.473109 0.0515968
30 0.220204 0.327828 0.444209 0.00775874
30 0.240922 0.369758 0.389321 0
30 0.347274 0.184766 0.467961 0
30 0.292625 0.276645 0.43073 0
30 0.292806 0.27146 0.435734 0
30 0.206749 0.364545 0.428707 0
30 0.214556 0.412547 0.372897 0
30 0.305191 0.229294 0.465515 0
30 0.281548 0.34029 0.378162 0
30 0.33295 0.231572 0.435478 0
30 0.220489 0.333395 0.446116 0
30 0.354947 0.143886 0.478811 0.0223557
30 0.231221 0.374074 0.394705 0
30 0.296198 0.244343 0.459459 0
30 0.289175 0.288647 0.422179 0
30 0.296989 0.297643 0.405368 0
30 0.218101 0.417485 0.364413 0
30 0.287218 0.180331 0.532452 0
30 0.277962 0.260876 0.461162 0
30 0.417103 0.142787 0.440111 0
30 0.299687 0.2743 0.426013 0
30 0.398032 0.181632 0.420337 0
30 0.384981 0.135106 0.479914 0
30 0.209371 0.382014 0.408616 0
30 0.274279 0.284665 0.441057 0
30 0.316975 0.259757 0.409647 0.0136206
30 0.247088 0.325629 0.427283 0
30 0.278792 0.274196 0.447012 0
30 0.151762 0.525505 0.322733 0
30 0.302395 0.223286 0.474319 0
30 0.243089 0.35115 0.405762 0
30 0.301877 0.239197 0.458926 0
30 0.271195 0.255411 0.416159 0.0572356
30 0.231468 0.30913 0.459402 0
30 0.176823 0.374628 0.448549 0
30 0.332813 0.176893 0.490294 0
30 0.222259 0.379792 0.397948 0
30 0.385953 0.206067 0.401586 0.00639455
30 0.208815 0.451937 0.339248 0
30 0.215128 0.372827 0.412045 0
30 0.27717 0.319108 0.403722 0
30 0.241183 0.388141 0.370676 0
30 0.356608 0.227995 0.415397 0
30 0.31049 0.24183 0.44768 0
30 0.21506 0.405729 0.37921 0
30 0.197138 0.383002 0.404274 0.0155855
30 0.225386 0.325003 0.449611 0
30 0.315067 0.187496 0.497437 0
30 0.299244 0.291462 0.409295 0
30 0.236009 0.346957 0.417034 0
30 0.302963 0.237883 0.459153 0
30 0.235248 0.386728 0.378024 0
30 0.263352 0.325078 0.411569 0
30 0.189823 0.454839 0.355338 0
30 0.227519 0.393796 0.378685 0
30 0.275797 0.301141 0.423062 0
30 0.206978 0.412271 0.380751 0
30 0.281897 0.338614 0.37949 0
30 0.293319 0.275668 0.431013 0
30 0.290917 0.223743 0.48534 0
30 0.360092 0.20617 0.426346 0.00739238
30 0.273046 0.326863 0.400091 0
30 0.428555 0.150307 0.421138 0
30 0.221971 0.327416 0.450612 0
30 0.19795 0.429521 0.372529 0
30 0.362154 0.14722 0.490625 0
30 0.269095 0.258582 0.472323 0
30 0.269233 0.253149 0.477617 0
30 0.384013 0.212933 0.403054 0
30 0.166458 0.488389 0.345154 0
30 0.246472 0.333752 0.419777 0
30 0.173884 0.448841 0.377275 0
30 0.296502 0.288139 0.41536 0
30 0.305788 0.236978 0.457235 0
30 0.203065 0.413196 0.383739 0
30 0.343624 0.137079 0.519297 0
30 0.237452 0.3167 0.42409 0.0217567
30 0.263663 0.286201 0.450135 0
30 0.393461 0.12327 0.483269 0
30 0.195748 0.41195 0.392302 0
30 0.298368 0.217046 0.484585 0
30 0.294581 0.342948 0.362472 0
30 0.261183 0.35266 0.386156 0
30 0.304649 0.284465 0.410886 0
30 0.231434 0.335457 0.433109 0
30 0.291601 0.224091 0.484308 0
30 0.301189 0.265655 0.433156 0
30 0.338121 0.142116 0.519762 0
30 0.271182 0.359996 0.368822 0
30 0.201569 0.349559 0.448872 0
30 0.312604 0.240242 0.447153 0
30 0.145148 0.471219 0.383633 0
