25 0.362762 0.290005 0.347233 0
25 0.295776 0.384856 0.319368 0
25 0.339465 0.323279 0.337256 0
25 0.459083 0.183086 0.357831 0
25 0.477005 0.180014 0.342981 0
25 0.33071 0.336269 0.333021 0
25 0.380904 0.267834 0.351262 0
25 0.27158 0.438682 0.274255 0.0154832
25 0.468607 0.153514 0.377879 0
25 0.267811 0.419091 0.313098 0
25 0.398678 0.221607 0.379715 0
25 0.304117 0.355455 0.319639 0.0207888
25 0.355577 0.356465 0.287958 0
25 0.376659 0.300807 0.322534 0
25 0.291858 0.393781 0.295422 0.0189393
25 0.353455 0.299325 0.34722 0
25 0.235764 0.508782 0.255454 0
25 0.351524 0.333481 0.314996 0
25 0.258539 0.407192 0.334269 0
25 0.445485 0.186917 0.344562 0.0230353
25 0.257411 0.459295 0.283294 0
25 0.255147 0.508719 0.236134 0
25 0.217766 0.526162 0.256071 0
25 0.323596 0.323958 0.352447 0
25 0.298337 0.373092 0.328571 0
25 0.323844 0.371296 0.30486 0
25 0.278862 0.422289 0.298849 0
25 0.297175 0.39972 0.303105 0
25 0.198107 0.579026 0.222867 0
25 0.389238 0.263052 0.34771 0
25 0.345313 0.324635 0.330052 0
25 0.350704 0.267699 0.381596 0
25 0.327852 0.355815 0.316333 0
25 0.369566 0.269439 0.360995 0
25 0.296568 0.435242 0.26819 0
25 0.300614 0.379043 0.320342 0
25 0.349459 0.292594 0.357947 0
25 0.219625 0.49291 0.287464 0
25 0.286294 0.431795 0.281911 0
25 0.313493 0.410794 0.275714 0
25 0.322416 0.339371 0.338212 0
25 0.174593 0.596236 0.22917 0
25 0.271449 0.422339 0.276981 0.0292314
25 0.317013 0.337255 0.333294 0.0124386
25 0.316028 0.3498 0.334172 0
25 0.406249 0.220866 0.372885 0
25 0.365188 0.260696 0.374117 0
25 0.223481 0.518039 0.25848 0
25 0.241666 0.47834 0.279994 0
25 0.272429 0.419592 0.307979 0
25 0.246473 0.49552 0.258007 0
25 0.366587 0.313767 0.319646 0
25 0.33897 0.35437 0.30666 0
25 0.292966 0.402405 0.30463 0
25 0.313407 0.335082 0.351511 0
25 0.310698 0.401552 0.28775 0
25 0.329233 0.311141 0.359626 0
25 0.398564 0.218438 0.382998 0
25 0.209757 0.550975 0.239268 0
25 0.258001 0.440172 0.301827 0
25 0.264999 0.478078 0.256922 0
25 0.3684 0.310139 0.321461 0
25 0.305084 0.392518 0.294388 0.00801072
25 0.336295 0.323827 0.339878 0
25 0.374815 0.272162 0.353022 0
25 0.259567 0.465707 0.274726 0
25 0.244928 0.481393 0.273679 0
25 0.323875 0.364132 0.311993 0
25 0.31181 0.402707 0.285483 0
25 0.288832 0.408723 0.302445 0
25 0.371935 0.25711 0.370954 0
25 0.391384 0.265682 0.342934 0
25 0.292945 0.41532 0.291735 0
25 0.298529 0.37713 0.324341 0
25 0.314988 0.382216 0.302796 0
25 0.32206 0.390366 0.287575 0
25 0.258063 0.465673 0.276264 0
25 0.271209 0.449027 0.279764 0
25 0.244335 0.492297 0.263368 0
25 0.292463 0.402292 0.305244 0
25 0.24444 0.477005 0.278556 0
25 0.22958 0.495219 0.257318 0.0178826
25 0.212474 0.524271 0.263256 0
25 0.339369 0.345875 0.314756 0
25 0.310822 0.359383 0.329795 0
25 0.372642 0.303934 0.323424 0
25 0.306362 0.349756 0.343883 0
25 0.403443 0.249919 0.346638 0
25 0.271704 0.438109 0.290187 0
25 0.311201 0.372942 0.315857 0
25 0.263656 0.45585 0.280494 0
25 0.21935 0.508529 0.272121 0
25 0.31528 0.372329 0.312391 0
25 0.341893 0.308022 0.350085 0
25 0.333446 0.342618 0.323935 0
25 0.26098 0.468108 0.270912 0
25 0.286768 0.412812 0.300421 0
25 0.336481 0.324723 0.338795 0
25 0.312628 0.416578 0.270794 0
25 0.263034 0.470858 0.266108 0
