15 0.080942 0.34832 0.570738 0
15 0.118481 0.353795 0.527723 0
15 0.10767 0.509452 0.382878 0
15 0.102531 0.454005 0.443464 0
15 0.165659 0.344815 0.489527 0
15 0.173078 0.382962 0.44396 0
15 0.120973 0.415718 0.463309 0
15 0.121245 0.367469 0.434682 0.076604
15 0.122991 0.442193 0.434816 0
15 0.0772884 0.340885 0.581826 0
15 0.120452 0.389599 0.489949 0
15 0.104601 0.505533 0.389866 0
15 0.0835386 0.361971 0.55449 0
15 0.0942785 0.477482 0.42824 0
15 0.204269 0.346848 0.448883 0
15 0.0687915 0.386574 0.544634 0
15 0.0866315 0.399262 0.514106 0
15 0.125427 0.39818 0.476392 0
15 0.155134 0.368308 0.476559 0
15 0.144551 0.24678 0.511122 0.0975474
15 0.112751 0.384098 0.503151 0
15 0.114173 0.365309 0.520518 0
15 0.117405 0.444729 0.437866 0
15 0.16132 0.373292 0.465388 0
15 0.126669 0.370934 0.502397 0
15 0.0930067 0.435835 0.471158 0
15 0.0969559 0.481838 0.418847 0.00235869
15 0.121204 0.391934 0.486862 0
15 0.0765672 0.457674 0.465759 0
15 0.115543 0.454936 0.429521 0
15 0.0918274 0.4369 0.471273 0
15 0.12235 0.382893 0.494757 0
15 0.155575 0.370561 0.473865 0
15 0.108214 0.492137 0.399649 0
15 0.108062 0.368102 0.523836 0
15 0.139613 0.409527 0.45086 0
15 0.250601 0.447384 0.302015 0
15 0.10697 0.393261 0.499769 0
15 0.0973265 0.421031 0.481643 0
15 0.121915 0.39894 0.479145 0
15 0.0863823 0.502662 0.410956 0
15 0.0911742 0.526564 0.382262 0
15 0.214701 0.476321 0.308978 0
15 0.0816672 0.462494 0.455839 0
15 0.121128 0.363798 0.515074 0
15 0.140741 0.418904 0.440355 0
15 0.106311 0.448159 0.44553 0
15 0.129343 0.393423 0.477234 0
15 0.133103 0.408827 0.45807 0
15 0.127399 0.452477 0.420124 0
15 0.0913823 0.524125 0.384493 0
15 0.0796981 0.449617 0.470685 0
15 0.119683 0.429466 0.450851 0
15 0.094747 0.412693 0.49256 0
15 0.100929 0.396981 0.502091 0
15 0.133821 0.387537 0.478642 0
15 0.162475 0.391406 0.446118 0
15 0.0926612 0.534344 0.372995 0
15 0.152685 0.419222 0.428093 0
15 0.15575 0.453385 0.390865 0
15 0.0886526 0.505467 0.405881 0
15 0.10155 0.460296 0.438154 0
15 0.104618 0.496102 0.399281 0
15 0.110889 0.466262 0.422849 0
15 0.0808894 0.388997 0.523378 0.00673515
15 0.105189 0.3911 0.50371 0
15 0.17838 0.472187 0.349434 0
15 0.143965 0.341555 0.51448 0
15 0.150217 0.426064 0.423718 0
15 0.0838342 0.414415 0.50175 0
15 0.0967414 0.494408 0.40885 0
15 0.112051 0.373119 0.51483 0
15 0.0750123 0.401266 0.523722 0
15 0.101749 0.448306 0.449945 0
15 0.0857315 0.466906 0.447363 0
15 0.128866 0.412847 0.458286 0
15 0.146328 0.338674 0.514998 0
15 0.137893 0.422313 0.439794 0
15 0.139257 0.478454 0.382289 0
15 0.13787 0.467111 0.393313 0.00170618
15 0.0940343 0.433669 0.472296 0
15 0.138275 0.395225 0.463758 0.00274235
15 0.0871801 0.375209 0.537611 0
15 0.103091 0.527493 0.369416 0
15 0.130233 0.475571 0.394196 0
15 0.160395 0.300718 0.538887 0
15 0.114843 0.457739 0.427418 0
15 0.0924046 0.501692 0.403847 0.00205633
15 0.0924302 0.40359 0.50398 0
15 0.0877252 0.413708 0.498567 0
15 0.060043 0.412753 0.527204 0
15 0.149467 0.321802 0.528731 0
15 0.13801 0.380897 0.481094 0
15 0.0938208 0.441224 0.464956 0
15 0.165234 0.399977 0.434789 0
15 0.153292 0.383836 0.462872 0
15 0.0681109 0.388124 0.543765 0
15 0.115357 0.327321 0.557322 0
15 0.0992034 0.480992 0.419805 0
15 0.0893748 0.427939 0.482687 0
