30 0.15652 0.281217 0.562263 0
30 0.117455 0.390047 0.492498 0
30 0.100309 0.437946 0.461745 0
30 0.103417 0.373919 0.522664 0
30 0.15788 0.332147 0.509972 0
30 0.138195 0.279194 0.582611 0
30 0.0977066 0.458429 0.443864 0
30 0.162841 0.35999 0.477169 0
30 0.109064 0.494677 0.396259 0
30 0.141267 0.470938 0.387795 0
30 0.156037 0.191116 0.652846 0
30 0.12651 0.293007 0.580483 0
30 0.114386 0.475116 0.410498 0
30 0.0917003 0.457377 0.450922 0
30 0.116955 0.47068 0.412364 0
30 0.175027 0.280165 0.544808 0
30 0.0969411 0.255743 0.647316 0
30 0.133681 0.418466 0.447853 0
30 0.10457 0.477367 0.418063 0
30 0.165472 0.310129 0.524399 0
30 0.172885 0.34678 0.480335 0
30 0.141018 0.323134 0.535848 0
30 0.131067 0.4197 0.449232 0
30 0.156398 0.302414 0.541189 0
30 0.0957441 0.442564 0.435635 0.0260567
30 0.169323 0.342736 0.487942 0
30 0.112094 0.407033 0.480873 0
30 0.0648204 0.519015 0.416165 0
30 0.113983 0.435254 0.450763 0
30 0.139481 0.342615 0.517904 0
30 0.21534 0.302745 0.469288 0.0126272
30 0.104566 0.354409 0.503839 0.0371864
30 0.157066 0.368962 0.473972 0
30 0.114821 0.339147 0.546032 0
30 0.0835229 0.503995 0.412482 0
30 0.0877606 0.463881 0.448359 0
30 0.0830714 0.439399 0.477529 0
30 0.141049 0.510681 0.34827 0
30 0.235124 0.24862 0.516256 0
30 0.319627 0.0614684 0.618904 0
30 0.142613 0.306882 0.550505 0
30 0.145378 0.194158 0.605695 0.0547691
30 0.247628 0.20191 0.550462 0
30 0.123734 0.454654 0.421612 0
30 0.145089 0.436955 0.417956 0
30 0.125196 0.298365 0.576439 0
30 0.0979212 0.45927 0.442809 0
30 0.127486 0.331451 0.541063 0
30 0.210541 0.298218 0.491241 0
30 0.285001 0.188497 0.526502 0
30 0.191621 0.22952 0.578859 0
30 0.0901502 0.464878 0.444971 0
30 0.110881 0.337548 0.551571 0
30 0.0969631 0.430756 0.472281 0
30 0.220779 0.259418 0.519803 0
30 0.283981 0.304657 0.411361 0
30 0.111007 0.403208 0.485785 0
30 0.211674 0.26066 0.527667 0
30 0.137183 0.341439 0.521378 0
30 0.0923139 0.330002 0.577685 0
30 0.239006 0.119352 0.641642 0
30 0.12272 0.401023 0.476257 0
30 0.10445 0.434456 0.461094 0
30 0.104544 0.184475 0.55461 0.156371
30 0.215311 0.338902 0.445787 0
30 0.20841 0.264902 0.526688 0
30 0.23354 0.367614 0.398846 0
30 0.159517 0.465546 0.374938 0
30 0.0916174 0.463539 0.424498 0.020345
30 0.133007 0.410689 0.456304 0
30 0.123142 0.284716 0.592142 0
30 0.073781 0.44862 0.477599 0
30 0.0875434 0.456022 0.456434 0
30 0.0667471 0.37713 0.556123 0
30 0.0837901 0.420723 0.495486 0
30 0.0882729 0.467576 0.444151 0
30 0.208034 0.240409 0.551557 0
30 0.115701 0.505363 0.378936 0
30 0.0819231 0.507408 0.410669 0
30 0.0677869 0.460953 0.47126 0
30 0.224837 0.225528 0.549635 0
30 0.114404 0.300282 0.585314 0
30 0.0922766 0.5883 0.319423 0
30 0.269544 0.0109982 0.719458 0
30 0.14121 0.434993 0.423798 0
30 0.124735 0.296084 0.579181 0
30 0.129582 0.334562 0.535856 0
30 0.335555 0.142281 0.522164 0
30 0.202876 0.283834 0.51329 0
30 0.103962 0.35095 0.545088 0
30 0.0634976 0.576704 0.359798 0
30 0.203219 0.304054 0.492727 0
30 0.119112 0.481854 0.399034 0
30 0.11956 0.337223 0.543217 0
30 0.069468 0.352386 0.578146 0
30 0.135211 0.429124 0.435664 0
30 0.133354 0.437145 0.429501 0
30 0.211169 0.290204 0.498627 0
30 0.168731 0.30578 0.525489 0
30 0.163226 0.31313 0.523645 0
