15 0.0161337 0.760453 0.223413 0
15 0.0083744 0.753214 0.238411 0
15 0.0124215 0.747296 0.240283 0
15 0.0116253 0.722062 0.266312 0
15 0.0262792 0.608224 0.34647 0.0190265
15 0.0227883 0.677461 0.299751 0
15 0.0158454 0.675493 0.308661 0
15 0.0110308 0.679433 0.309536 0
15 0.0119376 0.747463 0.239748 0.000851911
15 0.0306006 0.604498 0.364901 0
15 0.013164 0.748386 0.23845 0
15 0.0131263 0.693185 0.293689 0
15 0.0214809 0.695533 0.282986 0
15 0.0237118 0.675614 0.300674 0
15 0.0176218 0.700806 0.281573 0
15 0.0184113 0.727293 0.254296 0
15 0.0198792 0.703108 0.277012 0
15 0.0125137 0.686485 0.292265 0.00873599
15 0.0683255 0.631421 0.300254 0
15 0.0146781 0.647829 0.337493 0
15 0.0133673 0.71065 0.275983 0
15 0.0125248 0.689159 0.27881 0.0195065
15 0.021112 0.632571 0.346317 0
15 0.0136729 0.679595 0.306732 0
15 0.0185813 0.704683 0.276736 0
15 0.0138479 0.770465 0.215688 0
15 0.0245606 0.644367 0.331073 0
15 0.0112998 0.743975 0.244725 0
15 0.021423 0.647554 0.331023 0
15 0.0150828 0.669865 0.294243 0.0208094
15 0.0223374 0.697189 0.280473 0
15 0.0251684 0.662914 0.311918 0
15 0.0187156 0.732093 0.249192 0
15 0.0151008 0.674973 0.309927 0
15 0.0198238 0.693806 0.28637 0
15 0.0224648 0.675136 0.302399 0
15 0.0175498 0.67397 0.30848 0
15 0.0264494 0.668723 0.304827 0
15 0.0134922 0.694387 0.292121 0
15 0.017097 0.658627 0.324276 0
15 0.00985072 0.71621 0.273939 0
15 0.0158965 0.670935 0.313168 0
15 0.00918992 0.746503 0.244307 0
15 0.0106137 0.720388 0.268998 0
15 0.0146994 0.686264 0.299037 0
15 0.0120225 0.705217 0.28276 0
15 0.113852 0.5147 0.371448 0
15 0.0122189 0.687126 0.300655 0
15 0.0146047 0.66395 0.321445 0
15 0.0130258 0.701623 0.285351 0
15 0.019097 0.654545 0.306725 0.0196328
15 0.0141789 0.70102 0.284801 0
15 0.0156938 0.739992 0.244314 0
15 0.0304938 0.573458 0.396048 0
15 0.0141972 0.689072 0.296731 0
15 0.0143811 0.702315 0.283304 0
15 0.0125465 0.704123 0.283331 0
15 0.00734586 0.777201 0.215453 0
15 0.0155716 0.692169 0.292259 0
15 0.0141573 0.70367 0.282172 0
15 0.0204676 0.671835 0.307697 0
15 0.0131404 0.75307 0.23379 0
15 0.0172026 0.668881 0.313916 0
15 0.0118636 0.735215 0.252922 0
15 0.0367902 0.623667 0.339543 0
15 0.0159876 0.683722 0.30029 0
15 0.0201757 0.678229 0.301596 0
15 0.0168461 0.689813 0.276104 0.0172374
15 0.0213991 0.714672 0.263929 0
15 0.0127423 0.761402 0.225856 0
15 0.0240102 0.586722 0.389267 0
15 0.0135671 0.726735 0.259698 0
15 0.0153203 0.668522 0.316157 0
15 0.0159256 0.738858 0.245216 0
15 0.0279228 0.681117 0.29096 0
15 0.0107973 0.727299 0.261904 0
15 0.0119201 0.667588 0.320492 0
15 0.0180317 0.720093 0.261875 0
15 0.0109027 0.76114 0.227957 0
15 0.015107 0.706353 0.278541 0
15 0.00645076 0.780764 0.212786 0
15 0.0144383 0.658395 0.327167 0
15 0.0245285 0.673128 0.293201 0.00914184
15 0.015843 0.655144 0.329013 0
15 0.0209308 0.644529 0.33454 0
15 0.0153619 0.668802 0.315836 0
15 0.00880352 0.77322 0.204315 0.0136609
15 0.016277 0.76322 0.220503 0
15 0.00937615 0.77598 0.214644 0
15 0.0125762 0.711408 0.276016 0
15 0.021031 0.689262 0.289707 0
15 0.0158129 0.719796 0.2482 0.016192
15 0.0165713 0.695592 0.287837 0
15 0.0196494 0.643225 0.337126 0
15 0.0122273 0.712916 0.274857 0
15 0.0207977 0.722441 0.256761 0
15 0.0118203 0.722791 0.265389 0
15 0.0215732 0.628239 0.350188 0
15 0.0356388 0.602589 0.361773 0
15 0.0130951 0.701569 0.285336 0
