30 0.0642376 0.128692 0.80707 0
30 0.0501835 0.227794 0.722022 0
30 0.138235 0.188002 0.673763 0
30 0.113169 0.0830209 0.803811 0
30 0.0889399 0.134047 0.777013 0
30 0.111704 0.101898 0.786398 0
30 0.350387 0.0203783 0.629235 0
30 0.0570842 0.188374 0.754542 0
30 0.0776922 0.0731847 0.849123 0
30 0.0670734 0.226761 0.706165 0
30 0.541733 0.0263158 0.431951 0
30 0.294583 0.0908316 0.614586 0
30 0.0665876 0.247349 0.686063 0
30 0.168156 0.118762 0.713082 0
30 0.429795 0.0496067 0.520598 0
30 0.162623 0.125909 0.711468 0
30 0.151739 0.117013 0.731249 0
30 0.172514 0.178721 0.648764 0
30 0.271864 0.190543 0.537593 0
30 0.0632144 0.100693 0.836092 0
30 0.289738 0.0126738 0.697588 0
30 0.163509 0.113945 0.722545 0
30 0.154456 0.199498 0.646046 0
30 0.060681 0.0398219 0.899497 0
30 0.2031 0.10155 0.695349 0
30 0.0798796 0.0226139 0.897506 0
30 0.0603087 0.114995 0.824696 0
30 0.126079 0.229616 0.644305 0
30 0.105843 0.218925 0.675232 0
30 0.133373 0.235589 0.631038 0
30 0.202893 0.128244 0.64181 0.0270525
30 0.191471 0.188646 0.619884 0
30 0.0339656 0.370991 0.595044 0
30 0.0968478 0.251595 0.651557 0
30 0.0838034 0.175665 0.740532 0
30 0.409959 0.0473184 0.542722 0
30 0.109957 0.124722 0.765321 0
30 0.222477 0.11902 0.658503 0
30 0.342322 0.0386684 0.61901 0
30 0.319225 0.221286 0.459489 0
30 0.116493 0.219885 0.663623 0
30 0.0457536 0.245028 0.709219 0
30 0.047287 0.258476 0.694237 0
30 0.0664682 0.146503 0.787028 0
30 0.0988142 0.0427756 0.85841 0
30 0.418158 0.0776623 0.50418 0
30 0.170969 0.156481 0.672551 0
30 0.228688 0.270959 0.500353 0
30 0.0885216 0.198271 0.713207 0
30 0.106226 0.248301 0.645473 0
30 0.134613 0.0399972 0.82539 0
30 0.0600146 0.0789623 0.861023 0
30 0.0556009 0.109631 0.834768 0
30 0.0785764 0.18777 0.733653 0
30 0.136147 0.182332 0.681522 0
30 0.103524 0.219418 0.677059 0
30 0.142354 0.160083 0.697563 0
30 0.0845111 0.255639 0.65985 0
30 0.25267 0.122629 0.624701 0
30 0.0663001 0.141266 0.792433 0
30 0.0471821 0.21777 0.735048 0
30 0.168294 0.0607919 0.54963 0.221285
30 0.506096 0.0393006 0.454203 0.000401027
30 0.116667 0.160305 0.723028 0
30 0.175481 0.128848 0.695671 0
30 0.130134 0.161168 0.708353 0.000346101
30 0.372727 0.148685 0.478589 0
30 0.110839 0.153321 0.735839 0
30 0.124559 0.241726 0.633715 0
30 0.17951 0.300353 0.520136 0
30 0.135069 0.174124 0.690807 0
30 0.108216 0.168551 0.723232 0
30 0.433663 0.0440825 0.522254 0
30 0.259896 0.159483 0.580621 0
30 0.129503 0.149279 0.721218 0
30 0.192428 0.24801 0.559562 0
30 0.0843716 0.0855228 0.830106 0
30 0.0776028 0.161269 0.76047 0.000658049
30 0.0852398 0.0265878 0.888172 0
30 0.285614 0.258259 0.456127 0
30 0.128874 0.166202 0.704924 0
30 0.106141 0.142265 0.751594 0
30 0.262798 0.123597 0.613604 0
30 0.0522344 0.228618 0.719148 0
30 0.0933051 0.167273 0.739422 0
30 0.173429 0.132331 0.69424 0
30 0.127422 0.208019 0.664559 0
30 0.151466 0.168659 0.679875 0
30 0.109082 0.0985034 0.526735 0.26568
30 0.0771681 0.116449 0.806383 0
30 0.127302 0.0999659 0.772732 0
30 0.236185 0.114155 0.649659 0
30 0.0921098 0.192605 0.715285 0
30 0.115175 0.176489 0.708337 0
30 0.158992 0.132196 0.708812 0
30 0.0593246 0.0284084 0.628443 0.283824
30 0.522208 0.0232942 0.454498 0
30 0.0481752 0.0528646 0.509102 0.389858
30 0.0994065 0.200444 0.70015 0
30 0.131769 0.144477 0.723754 0
