30 0.265256 0 0.700277 0.0344677
30 0.287737 0 0.705555 0.00670872
30 0.218517 0.18109 0.512923 0.0874698
30 0.264566 0.020046 0.629625 0.0857624
30 0.29818 0.0235356 0.599052 0.0792333
30 0.327722 0.0303071 0.639056 0.00291489
30 0.285075 0.0351957 0.65396 0.0257697
30 0.225193 0.111188 0.633178 0.0304412
30 0.251501 0.0916262 0.631249 0.0256238
30 0.207114 0.171099 0.606965 0.0148209
30 0.288763 0.0498575 0.58855 0.0728292
30 0.234288 0.084188 0.678199 0.00332542
30 0.286554 0.0614774 0.644639 0.00733008
30 0.218349 0.162439 0.604882 0.0143305
30 0.251256 0.0394729 0.616265 0.0930059
30 0.204408 0.196583 0.449309 0.1497
30 0.246096 0.0325192 0.718971 0.00241317
30 0.195792 0.139212 0.661158 0.00383836
30 0.238597 0.0841384 0.645807 0.0314571
30 0.21138 0.05452 0.653677 0.0804227
30 0.278546 0.0346974 0.648262 0.0384949
30 0.25767 0 0.668487 0.0738426
30 0.297232 0.0864424 0.514643 0.101682
30 0.310752 0.00138416 0.681182 0.00668215
30 0.248567 0.0163391 0.697898 0.0371963
30 0.2725 0.0735918 0.591943 0.0619654
30 0.336034 0 0.478707 0.185259
30 0.194304 0.0937466 0.629789 0.0821608
30 0.214202 0.123224 0.617976 0.0445983
30 0.200715 0.203999 0.553082 0.0422046
30 0.237801 0.129501 0.556202 0.0764967
30 0.23845 0.0505795 0.614166 0.0968053
30 0.266538 0 0.731155 0.00230693
30 0.235356 0.0763424 0.655816 0.0324858
30 0.22755 0.0629854 0.619048 0.0904168
30 0.229307 0.069705 0.667377 0.0336103
30 0.235067 0.055987 0.681314 0.0276324
30 0.276315 0.0595392 0.622063 0.0420822
30 0.317554 0 0.627978 0.0544684
30 0.285837 0.072553 0.606187 0.0354232
30 0.256261 0.116334 0.501018 0.126387
30 0.219112 0.0290844 0.71692 0.0348835
30 0.279348 0.119911 0.569364 0.0313766
30 0.290314 0 0.698929 0.0107572
30 0.418909 0 0.581091 0
30 0.235461 0.120836 0.565505 0.0781973
30 0.258554 0.0971809 0.63672 0.00754565
30 0.345893 0 0.456434 0.197674
30 0.342685 0 0.57733 0.0799851
30 0.250096 0.177212 0.563674 0.00901788
30 0.223445 0.0722814 0.621666 0.0826074
30 0.294775 0.0718422 0.606234 0.0271486
30 0.264435 0.0379237 0.644729 0.0529115
30 0.28491 0.00896103 0.594368 0.11176
30 0.315031 0.0721182 0.568033 0.0448178
30 0.252991 0.0566186 0.609126 0.0812647
30 0.26979 0.0934874 0.519068 0.117655
30 0.290822 0.0767763 0.564069 0.0683328
30 0.243648 0.139122 0.615441 0.00178972
30 0.235193 0.010186 0.680397 0.0742234
30 0.17849 0.0681477 0.712924 0.0404383
30 0.234486 0.0432642 0.692745 0.0295049
30 0.171863 0.127764 0.663094 0.037279
30 0.296476 0.012392 0.657411 0.0337211
30 0.328514 0.0249309 0.588012 0.0585437
30 0.262761 0.227113 0.506748 0.00337695
30 0.349098 0.0450175 0.502645 0.103239
30 0.202333 0.0927089 0.704958 0
30 0.178863 0.291799 0.493982 0.0353567
30 0.248124 0.0246775 0.688202 0.0389965
30 0.249993 0 0.73415 0.0158567
30 0.301388 0.0692525 0.57414 0.055219
30 0.269175 0.0282336 0.65833 0.044262
30 0.233854 0.093319 0.664647 0.00817991
30 0.23039 0.000370711 0.495682 0.273557
30 0.217049 0.0025501 0.688149 0.0922521
30 0.175811 0.221857 0.543124 0.0592086
30 0.19328 0.188955 0.420235 0.19753
30 0.227421 0 0.744697 0.0278818
30 0.259475 0.0701903 0.60438 0.0659543
30 0.268834 0.0737441 0.585561 0.07186
30 0.281653 0.0257095 0.676668 0.0159702
30 0.247034 0.0261199 0.670618 0.056228
30 0.359392 0.0454169 0.442009 0.153182
30 0.213862 0.177197 0.536182 0.0727595
30 0.208084 0.0813452 0.708363 0.00220789
30 0.222918 0.202137 0.53172 0.0432251
30 0.298887 0.053272 0.606018 0.0418227
30 0.197411 0.280406 0.429451 0.0927318
30 0.312455 0 0.650408 0.0371372
30 0.212758 0.154824 0.627198 0.00522004
30 0.344717 0.0264156 0.528161 0.100707
30 0.288658 0 0.702696 0.00864566
30 0.268514 0.0130663 0.613547 0.104872
30 0.26599 0.00360071 0.681944 0.0484656
30 0.248988 0.112309 0.557295 0.0814089
30 0.234943 0.0916208 0.594755 0.0786806
30 0.216205 0.162954 0.558065 0.0627759
30 0.304815 0.0621979 0.57351 0.0594768
30 0.273569 0.00743794 0.684243 0.0347499
