30 0.0657388 0.35293 0.581331 0
30 0.0780692 0.404483 0.517448 0
30 0.079069 0.370582 0.550349 0
30 0.0354782 0.499942 0.46458 0
30 0.181718 0.10201 0.716272 0
30 0.0820862 0.494007 0.423907 0
30 0.0585897 0.315486 0.625924 0
30 0.194942 0.28986 0.515199 0
30 0.129809 0.140758 0.729434 0
30 0.124963 0.496381 0.378656 0
30 0.0658497 0.39596 0.538191 0
30 0.213293 0.120006 0.666701 0
30 0.0738563 0.492782 0.433362 0
30 0.106346 0.314963 0.578692 0
30 0.0611038 0.342022 0.596874 0
30 0.083937 0.418143 0.49792 0
30 0.0736408 0.342261 0.584098 0
30 0.256706 0.204588 0.538706 0
30 0.114667 0.437877 0.447456 0
30 0.0834757 0.254464 0.66206 0
30 0.164016 0.293706 0.441401 0.100877
30 0.0404614 0.461028 0.498511 0
30 0.145869 0.306686 0.547445 0
30 0.0805475 0.36871 0.550742 0
30 0.0664721 0.413123 0.520404 0
30 0.0930278 0.402273 0.504699 0
30 0.158497 0.290823 0.55068 0
30 0.18777 0.149845 0.662385 0
30 0.16325 0.0784845 0.758265 0
30 0.165162 0.229665 0.605173 0
30 0.0701827 0.494433 0.435384 0
30 0.105902 0.442035 0.452063 0
30 0.0967626 0.287571 0.615666 0
30 0.0881367 0.290625 0.621238 0
30 0.0342128 0.534893 0.430894 0
30 0.0532626 0.40488 0.541857 0
30 0.0930927 0.38691 0.519998 0
30 0.0743822 0.531285 0.394333 0
30 0.0634102 0.374458 0.562131 0
30 0.0677674 0.489513 0.44272 0
30 0.100711 0.440118 0.459172 0
30 0.193065 0.168449 0.638485 0
30 0.0714488 0.484243 0.444308 0
30 0.137311 0.254187 0.608503 0
30 0.113556 0.30418 0.582264 0
30 0.101728 0.381808 0.516464 0
30 0.0832196 0.42826 0.488521 0
30 0.144943 0.296698 0.558358 0
30 0.0783814 0.422462 0.499156 0
30 0.148793 0.350083 0.501124 0
30 0.106382 0.516589 0.377029 0
30 0.0459256 0.438999 0.515076 0
30 0.111375 0.292215 0.59641 0
30 0.0973447 0.52938 0.373275 0
30 0.0676761 0.425889 0.506435 0
30 0.0988565 0.499532 0.401612 0
30 0.0826215 0.381938 0.53544 0
30 0.0638167 0.344678 0.591505 0
30 0.122375 0.255023 0.622602 0
30 0.0958281 0.187147 0.717025 0
30 0.0960485 0.452507 0.451444 0
30 0.0882247 0.212782 0.544809 0.154184
30 0.0919359 0.253574 0.65449 0
30 0.0496787 0.455135 0.495187 0
30 0.0723224 0.388529 0.539149 0
30 0.0912463 0.392248 0.516506 0
30 0.0912643 0.209488 0.553967 0.145281
30 0.170231 0.412638 0.417131 0
30 0.146985 0.150532 0.702483 0
30 0.0472452 0.59804 0.354714 0
30 0.11902 0.326258 0.554722 0
30 0.0862903 0.185414 0.728296 0
30 0.0754959 0.397008 0.527496 0
30 0.210176 0.261373 0.528451 0
30 0.134443 0.284632 0.580925 0
30 0.123607 0.421844 0.442561 0.0119887
30 0.186786 0.267779 0.545435 0
30 0.0651655 0.428816 0.506019 0
30 0.0824547 0.429138 0.488407 0
30 0.0505416 0.414821 0.534637 0
30 0.12306 0.386294 0.490646 0
30 0.0701726 0.383219 0.546609 0
30 0.0703313 0.375399 0.55427 0
30 0.101204 0.192343 0.706453 0
30 0.162846 0.282201 0.554953 0
30 0.103802 0.373968 0.522229 0
30 0.0813399 0.317858 0.600802 0
30 0.103495 0.435379 0.424113 0.0370134
30 0.0741443 0.238225 0.687631 0
30 0.0368313 0.552975 0.410194 0
30 0.143852 0.400435 0.455155 0.00055857
30 0.110269 0.417729 0.472002 0
30 0.0583891 0.442317 0.499294 0
30 0.0389314 0.607763 0.353306 0
30 0.0652199 0.374666 0.560114 0
30 0.0587387 0.502174 0.439087 0
30 0.151888 0.313642 0.53447 0
30 0.0344096 0.504619 0.460971 0
30 0.154631 0.325201 0.520169 0
30 0.100724 0.371936 0.527339 0
