25 0.21057 0.208579 0.398499 0.182351
25 0.269404 0.241482 0.476856 0.0122574
25 0.236995 0.27442 0.478719 0.00986692
25 0.223398 0.254788 0.478472 0.043342
25 0.158745 0.356673 0.387974 0.0966086
25 0.235971 0.249887 0.505675 0.00846694
25 0.308733 0.192735 0.483816 0.0147153
25 0.21461 0.218073 0.466885 0.100432
25 0.22154 0.23824 0.431771 0.108449
25 0.164821 0.171516 0.405021 0.258641
25 0.168491 0.330435 0.382864 0.118211
25 0.181027 0.395153 0.378114 0.0457064
25 0.18546 0.309774 0.432822 0.0719443
25 0.187837 0.290062 0.456041 0.0660604
25 0.179089 0.308498 0.42176 0.0906523
25 0.22998 0.246107 0.46117 0.0627421
25 0.196646 0.341375 0.433754 0.0282248
25 0.172058 0.364202 0.426187 0.0375527
25 0.155852 0.295588 0.395279 0.153281
25 0.182907 0.20165 0.443948 0.171495
25 0.243244 0.195472 0.473942 0.0873425
25 0.184794 0.412862 0.365046 0.0372971
25 0.252442 0.2216 0.399889 0.126069
25 0.223185 0.230115 0.422526 0.124174
25 0.235419 0.208418 0.472538 0.083624
25 0.224104 0.276212 0.488191 0.011493
25 0.31743 0.181031 0.49833 0.00320917
25 0.212795 0.273436 0.438445 0.0753242
25 0.160741 0.409319 0.402651 0.0272883
25 0.140521 0.379608 0.354383 0.125488
25 0.205385 0.213503 0.454333 0.126779
25 0.204438 0.322734 0.40732 0.0655076
25 0.174049 0.252075 0.363684 0.210192
25 0.233479 0.293034 0.450529 0.0229584
25 0.198288 0.354964 0.399898 0.0468503
25 0.181989 0.390745 0.408208 0.0190577
25 0.248057 0.23322 0.4345 0.0842232
25 0.231828 0.289333 0.372258 0.106582
25 0.181199 0.321847 0.33211 0.164845
25 0.217968 0.295817 0.415037 0.0711791
25 0.2572 0.197792 0.491876 0.0531317
25 0.188531 0.171241 0.432991 0.207236
25 0.197869 0.388627 0.399263 0.0142412
25 0.208493 0.265426 0.412461 0.113621
25 0.205853 0.329426 0.341423 0.123299
25 0.170392 0.259793 0.415277 0.154539
25 0.256237 0.172656 0.493035 0.0780724
25 0.228448 0.233067 0.426096 0.112389
25 0.20532 0.332015 0.456544 0.00612145
25 0.242949 0.283572 0.423848 0.0496315
25 0.188044 0.298107 0.455076 0.0587725
25 0.183382 0.280398 0.389559 0.146661
25 0.228365 0.259408 0.508086 0.00414084
25 0.185437 0.399567 0.403628 0.0113684
25 0.255783 0.217788 0.415366 0.111064
25 0.242528 0.379832 0.366654 0.0109858
25 0.195248 0.452966 0.338688 0.0130971
25 0.207792 0.281382 0.434552 0.0762745
25 0.248438 0.256894 0.487065 0.00760309
25 0.219811 0.241076 0.395114 0.143998
25 0.255578 0.219228 0.419809 0.105385
25 0.21443 0.241708 0.505275 0.0385867
25 0.199145 0.276475 0.424219 0.100162
25 0.217581 0.269396 0.482989 0.0300333
25 0.182398 0.246366 0.409822 0.161413
25 0.189522 0.365452 0.365617 0.0794082
25 0.182849 0.330245 0.437572 0.0493343
25 0.184578 0.279156 0.413372 0.122894
25 0.165736 0.331562 0.357562 0.14514
25 0.203295 0.254318 0.420389 0.121997
25 0.153909 0.382575 0.381228 0.0822878
25 0.221797 0.318185 0.389598 0.0704194
25 0.210843 0.255297 0.508624 0.0252359
25 0.196126 0.312765 0.44124 0.049869
25 0.177143 0.394749 0.392197 0.0359112
25 0.216633 0.249433 0.518971 0.0149623
25 0.193565 0.33579 0.37001 0.100634
25 0.227607 0.286161 0.396509 0.0897229
25 0.164442 0.383898 0.410415 0.0412452
25 0.150677 0.466164 0.355989 0.0271703
25 0.305927 0.164717 0.527189 0.00216647
25 0.18741 0.312771 0.468574 0.0312455
25 0.183164 0.377231 0.346504 0.0931001
25 0.205903 0.347004 0.381295 0.065798
25 0.296322 0.127366 0.499668 0.0766432
25 0.264693 0.231506 0.460913 0.042888
25 0.206587 0.225879 0.410918 0.156616
25 0.141167 0.393096 0.403535 0.0622021
25 0.263722 0.0650415 0.486156 0.185081
25 0.193784 0.370196 0.378126 0.0578942
25 0.219447 0.35379 0.418989 0.00777435
25 0.249131 0.18061 0.564756 0.00550401
25 0.195175 0.257657 0.42583 0.121338
25 0.285331 0.279622 0.427374 0.00767298
25 0.184901 0.371848 0.363945 0.0793061
25 0.260744 0.22558 0.430976 0.0827005
25 0.229682 0.307469 0.322795 0.140054
25 0.190775 0.360648 0.440731 0.00784538
25 0.163614 0.350246 0.442637 0.0435032
25 0.21447 0.287015 0.464877 0.0336375
