20 0.213319 0.340605 0.446075 0
20 0.190912 0.417061 0.392027 0
20 0.181272 0.429337 0.389392 0
20 0.214641 0.392219 0.39314 0
20 0.225193 0.322429 0.452378 0
20 0.159777 0.41028 0.429943 0
20 0.110805 0.398565 0.49063 0
20 0.18161 0.360146 0.438278 0.0199664
20 0.134887 0.491962 0.373151 0
20 0.150447 0.356367 0.493185 0
20 0.203091 0.308481 0.488428 0
20 0.189934 0.444324 0.365742 0
20 0.1724 0.389611 0.437989 0
20 0.175843 0.487288 0.33687 0
20 0.286929 0.266823 0.446249 0
20 0.155891 0.419722 0.424386 0
20 0.135649 0.402686 0.461666 0
20 0.168174 0.386041 0.445784 0
20 0.193067 0.329338 0.477594 0
20 0.162025 0.359422 0.478554 0
20 0.241417 0.300935 0.457648 0
20 0.161649 0.488081 0.350271 0
20 0.155932 0.291428 0.552639 0
20 0.213799 0.370055 0.416145 0
20 0.172348 0.38773 0.439922 0
20 0.15825 0.4807 0.36105 0
20 0.140134 0.362269 0.463013 0.0345845
20 0.146785 0.388959 0.464256 0
20 0.166201 0.428144 0.405656 0
20 0.231411 0.347024 0.421565 0
20 0.161495 0.409303 0.429202 0
20 0.239167 0.310079 0.450754 0
20 0.166249 0.351213 0.482538 0
20 0.1721 0.369551 0.458349 0
20 0.178122 0.412282 0.402358 0.00723793
20 0.179546 0.36837 0.452084 0
20 0.166982 0.347262 0.485756 0
20 0.195701 0.395113 0.409186 0
20 0.141731 0.41295 0.445319 0
20 0.16437 0.444799 0.390831 0
20 0.157803 0.36906 0.473137 0
20 0.255823 0.407888 0.336288 0
20 0.146278 0.401741 0.451981 0
20 0.207132 0.365372 0.427496 0
20 0.164926 0.34077 0.494304 0
20 0.137542 0.426044 0.436414 0
20 0.204994 0.364513 0.39425 0.0362425
20 0.144787 0.524985 0.330228 0
20 0.169462 0.36443 0.466108 0
20 0.175753 0.427132 0.397115 0
20 0.183043 0.390342 0.426615 0
20 0.206336 0.332742 0.442277 0.0186452
20 0.191041 0.354139 0.45482 0
20 0.183095 0.313844 0.50306 0
20 0.165541 0.403837 0.430621 0
20 0.252462 0.312767 0.434771 0
20 0.166917 0.453052 0.380031 0
20 0.134011 0.398414 0.467575 0
20 0.175798 0.351545 0.472657 0
20 0.205443 0.373243 0.421314 0
20 0.280277 0.403596 0.313765 0.00236226
20 0.196312 0.414457 0.389231 0
20 0.241224 0.342494 0.416283 0
20 0.159793 0.42024 0.419967 0
20 0.194894 0.439363 0.365743 0
20 0.162822 0.487709 0.34947 0
20 0.137171 0.460985 0.401844 0
20 0.154109 0.36738 0.478512 0
20 0.161181 0.374165 0.464654 0
20 0.294413 0.338639 0.366948 0
20 0.176887 0.446858 0.376255 0
20 0.242751 0.372345 0.384904 0
20 0.11919 0.502126 0.378684 0
20 0.134776 0.525608 0.339616 0
20 0.145533 0.321996 0.455981 0.0764904
20 0.192446 0.398776 0.408778 0
20 0.160685 0.497211 0.342104 0
20 0.264677 0.369207 0.366117 0
20 0.201514 0.343009 0.387259 0.0682178
20 0.234707 0.345087 0.420206 0
20 0.176494 0.434066 0.38944 0
20 0.160282 0.461689 0.378029 0
20 0.151002 0.4276 0.421397 0
20 0.151672 0.442172 0.406156 0
20 0.176425 0.339501 0.484073 0
20 0.160806 0.385515 0.453679 0
20 0.192983 0.406906 0.400111 0
20 0.148038 0.425709 0.426253 0
20 0.18943 0.436175 0.374395 0
20 0.143176 0.532937 0.323887 0
20 0.12245 0.499564 0.377986 0
20 0.252989 0.308181 0.438831 0
20 0.183868 0.319787 0.496344 0
20 0.191853 0.334251 0.473896 0
20 0.168384 0.379783 0.451833 0
20 0.13615 0.432229 0.408321 0.0233
20 0.156223 0.436312 0.407465 0
20 0.175424 0.389268 0.435308 0
20 0.170703 0.402209 0.427088 0
20 0.24667 0.35423 0.399099 0
