20 0.168673 0.571322 0.260005 0
20 0.205683 0.5161 0.278217 0
20 0.131447 0.598154 0.270399 0
20 0.159094 0.5356 0.295802 0.00950493
20 0.228189 0.440615 0.331197 0
20 0.18585 0.492559 0.321591 0
20 0.25124 0.348069 0.400691 0
20 0.150471 0.534282 0.296097 0.0191511
20 0.182571 0.534076 0.283352 0
20 0.143034 0.583737 0.27323 0
20 0.22271 0.461143 0.316147 0
20 0.23091 0.42651 0.34258 0
20 0.171612 0.522652 0.305736 0
20 0.246536 0.432858 0.320605 0
20 0.134357 0.562192 0.279537 0.0239141
20 0.197225 0.437944 0.364831 0
20 0.179327 0.498864 0.321809 0
20 0.181241 0.547572 0.271187 0
20 0.19508 0.480956 0.323965 0
20 0.215663 0.514987 0.26935 0
20 0.119903 0.615476 0.264621 0
20 0.301954 0.270129 0.427917 0
20 0.206443 0.472786 0.320771 0
20 0.14284 0.59101 0.266151 0
20 0.12782 0.586574 0.285606 0
20 0.142281 0.581084 0.276635 0
20 0.174714 0.50445 0.320836 0
20 0.232855 0.483727 0.283418 0
20 0.227386 0.381886 0.390728 0
20 0.196545 0.509696 0.293759 0
20 0.18444 0.514457 0.301103 0
20 0.212908 0.463044 0.324049 0
20 0.149578 0.546943 0.303479 0
20 0.173023 0.521071 0.305906 0
20 0.19359 0.503582 0.302828 0
20 0.194066 0.479341 0.326593 0
20 0.162597 0.568321 0.269081 0
20 0.122347 0.589652 0.288001 0
20 0.21176 0.456944 0.331296 0
20 0.232316 0.407632 0.360052 0
20 0.216955 0.495619 0.287426 0
20 0.190917 0.488463 0.32062 0
20 0.216514 0.43248 0.351006 0
20 0.158038 0.531706 0.310256 0
20 0.157961 0.532341 0.309698 0
20 0.148483 0.565459 0.286058 0
20 0.153958 0.557313 0.288729 0
20 0.159617 0.579241 0.261142 0
20 0.220357 0.49609 0.283553 0
20 0.230552 0.449831 0.319617 0
20 0.181014 0.507676 0.31131 0
20 0.193463 0.45294 0.353597 0
20 0.138379 0.605796 0.255825 0
20 0.2462 0.405599 0.348201 0
20 0.195529 0.533536 0.270935 0
20 0.196134 0.525087 0.278779 0
20 0.210831 0.460065 0.329104 0
20 0.175746 0.510867 0.313387 0
20 0.151285 0.617707 0.231008 0
20 0.148829 0.57848 0.272691 0
20 0.154179 0.580875 0.264946 0
20 0.209133 0.434402 0.356464 0
20 0.15579 0.598526 0.245684 0
20 0.142345 0.565574 0.292082 0
20 0.122476 0.582336 0.295188 0
20 0.23166 0.416248 0.352092 0
20 0.130528 0.603464 0.266007 0
20 0.162065 0.505473 0.321552 0.0109103
20 0.204564 0.41519 0.380246 0
20 0.168744 0.488027 0.308138 0.0350907
20 0.184834 0.515095 0.300071 0
20 0.134327 0.61023 0.255442 0
20 0.175538 0.466983 0.357479 0
20 0.204646 0.478007 0.317346 0
20 0.183532 0.512592 0.303875 0
20 0.148245 0.585136 0.266619 0
20 0.148309 0.551328 0.300363 0
20 0.271192 0.359215 0.369593 0
20 0.164954 0.566119 0.268927 0
20 0.204313 0.451041 0.344646 0
20 0.175078 0.525586 0.299336 0
20 0.215957 0.422527 0.361517 0
20 0.16404 0.547259 0.288702 0
20 0.137408 0.600773 0.261819 0
20 0.121849 0.554451 0.3237 0
20 0.191751 0.471993 0.336256 0
20 0.144625 0.571522 0.283853 0
20 0.16328 0.493946 0.340182 0.00259237
20 0.134598 0.615609 0.249792 0
20 0.163181 0.571922 0.263347 0.00154968
20 0.1396 0.599606 0.260794 0
20 0.179674 0.528537 0.29179 0
20 0.161123 0.566311 0.272565 0
20 0.172344 0.536807 0.290849 0
20 0.172002 0.545645 0.282353 0
20 0.169575 0.523193 0.307232 0
20 0.214982 0.453052 0.331967 0
20 0.139132 0.566517 0.270541 0.0238101
20 0.174349 0.541129 0.284521 0
20 0.197451 0.463054 0.339495 0
