30 0.482416 0.178893 0.338691 0
30 0.379542 0.238232 0.382225 0
30 0.438456 0.158052 0.403492 0
30 0.412845 0.211321 0.375834 0
30 0.373999 0.278854 0.347147 0
30 0.337368 0.332937 0.329694 0
30 0.435478 0.158552 0.40597 0
30 0.394833 0.218266 0.386901 0
30 0.401762 0.267604 0.330635 0
30 0.374678 0.284036 0.341285 0
30 0.393573 0.224088 0.382339 0
30 0.363038 0.294007 0.342955 0
30 0.472782 0.0993376 0.42788 0
30 0.353762 0.266738 0.3795 0
30 0.447399 0.122345 0.430256 0
30 0.45816 0.099724 0.442116 0
30 0.387887 0.253606 0.358507 0
30 0.499296 0.0314184 0.469285 0
30 0.324601 0.35412 0.321279 0
30 0.305141 0.35515 0.339709 0
30 0.313563 0.389745 0.296692 0
30 0.408469 0.218359 0.373172 0
30 0.423894 0.18824 0.387865 0
30 0.423335 0.154501 0.422164 0
30 0.330283 0.298872 0.370845 0
30 0.387313 0.219269 0.393418 0
30 0.456747 0.10032 0.442934 0
30 0.355085 0.335348 0.309567 0
30 0.352857 0.327352 0.319791 0
30 0.388778 0.230602 0.38062 0
30 0.403411 0.260745 0.335844 0
30 0.460386 0.169196 0.370418 0
30 0.373222 0.186712 0.440066 0
30 0.368229 0.248646 0.383125 0
30 0.46209 0.174317 0.345918 0.0176747
30 0.46609 0.139293 0.394617 0
30 0.470407 0.153782 0.375811 0
30 0.396333 0.250541 0.353125 0
30 0.287203 0.375983 0.336814 0
30 0.344617 0.324884 0.330499 0
30 0.318324 0.320077 0.361599 0
30 0.283462 0.401418 0.288482 0.0266384
30 0.356765 0.301292 0.341943 0
30 0.400994 0.217607 0.381399 0
30 0.322491 0.388236 0.289273 0
30 0.498499 0.110346 0.391155 0
30 0.38215 0.197095 0.420756 0
30 0.457142 0.144433 0.398425 0
30 0.376854 0.278443 0.344703 0
30 0.473969 0.0949027 0.431128 0
30 0.400148 0.227253 0.372599 0
30 0.293362 0.390206 0.316433 0
30 0.442565 0.18273 0.374705 0
30 0.36284 0.29302 0.34414 0
30 0.377372 0.256892 0.365737 0
30 0.338712 0.316983 0.344305 0
30 0.367072 0.23115 0.401778 0
30 0.418653 0.191623 0.389724 0
30 0.371573 0.195462 0.432964 0
30 0.388556 0.225617 0.385827 0
30 0.442902 0.100984 0.456114 0
30 0.396437 0.223643 0.37992 0
30 0.366705 0.19889 0.434405 0
30 0.511871 0.0689228 0.419206 0
30 0.414604 0.213455 0.371942 0
30 0.351219 0.319396 0.329385 0
30 0.421414 0.114156 0.46443 0
30 0.381486 0.22076 0.397754 0
30 0.450929 0.119984 0.429087 0
30 0.349674 0.272929 0.377397 0
30 0.344512 0.333154 0.322334 0
30 0.343878 0.313572 0.34255 0
30 0.330176 0.373931 0.295893 0
30 0.375013 0.208184 0.416804 0
30 0.315332 0.363626 0.321042 0
30 0.378083 0.205878 0.41604 0
30 0.420517 0.18431 0.395173 0
30 0.413899 0.176429 0.409672 0
30 0.371603 0.162742 0.465655 0
30 0.426783 0.172205 0.401012 0
30 0.40602 0.156334 0.437645 0
30 0.311463 0.344583 0.343955 0
30 0.341694 0.337998 0.320308 0
30 0.448638 0.17412 0.377242 0
30 0.383216 0.25974 0.357044 0
30 0.316601 0.339985 0.343414 0
30 0.389125 0.223967 0.386908 0
30 0.524862 0.031316 0.443822 0
30 0.445997 0.210377 0.343625 0
30 0.396145 0.191956 0.411899 0
30 0.479629 0.116966 0.403405 0
30 0.40665 0.202482 0.390868 0
30 0.370155 0.282705 0.347141 0
30 0.375302 0.268341 0.356358 0
30 0.337988 0.353529 0.308483 0
30 0.315088 0.315071 0.369841 0
30 0.3871 0.221665 0.391235 0
30 0.407815 0.191624 0.400561 0
30 0.401354 0.268789 0.329858 0
30 0.383233 0.19366 0.423107 0
