30 0.264939 0.370238 0.364823 0
30 0.351748 0.266406 0.381846 0
30 0.297405 0.417523 0.285072 0
30 0.321793 0.338239 0.339969 0
30 0.217433 0.505045 0.277522 0
30 0.343338 0.240849 0.415813 0
30 0.403308 0.18064 0.416052 0
30 0.478961 0.104716 0.416322 0
30 0.278286 0.400416 0.321298 0
30 0.321493 0.294195 0.384311 0
30 0.319298 0.300461 0.38024 0
30 0.421202 0.198827 0.37997 0
30 0.397251 0.200117 0.402633 0
30 0.428165 0.162478 0.409357 0
30 0.484733 0.0792218 0.436046 0
30 0.378897 0.216126 0.404978 0
30 0.437528 0.176169 0.386303 0
30 0.281284 0.381878 0.336837 0
30 0.240622 0.468832 0.290546 0
30 0.473557 0.154782 0.371661 0
30 0.34728 0.276713 0.376007 0
30 0.389849 0.207132 0.403018 0
30 0.373803 0.204405 0.421793 0
30 0.431279 0.220284 0.348437 0
30 0.391851 0.206057 0.402092 0
30 0.43626 0.140308 0.423432 0
30 0.339526 0.273196 0.387278 0
30 0.310389 0.360558 0.329054 0
30 0.308425 0.346736 0.344839 0
30 0.458131 0.157088 0.384781 0
30 0.381547 0.295467 0.322986 0
30 0.36256 0.267806 0.369635 0
30 0.408176 0.185493 0.406331 0
30 0.521452 0.0668479 0.411701 0
30 0.366115 0.264766 0.369119 0
30 0.47654 0.064614 0.458846 0
30 0.336494 0.319421 0.344085 0
30 0.322584 0.363119 0.314297 0
30 0.28912 0.355614 0.355266 0
30 0.395656 0.149492 0.454852 0
30 0.305042 0.362659 0.332299 0
30 0.393143 0.20322 0.403637 0
30 0.324407 0.303835 0.371759 0
30 0.332802 0.309498 0.357701 0
30 0.279938 0.400919 0.319144 0
30 0.32663 0.301669 0.371701 0
30 0.390335 0.212279 0.397386 0
30 0.334529 0.301495 0.363977 0
30 0.391853 0.183312 0.424835 0
30 0.406345 0.20141 0.392245 0
30 0.450419 0.130691 0.41889 0
30 0.35148 0.290496 0.358024 0
30 0.40739 0.26425 0.32836 0
30 0.385284 0.243967 0.370749 0
30 0.347292 0.274797 0.377911 0
30 0.332786 0.32491 0.342304 0
30 0.391 0.228642 0.380359 0
30 0.366167 0.278142 0.355691 0
30 0.295357 0.319929 0.384714 0
30 0.470538 0.11434 0.385308 0.0298141
30 0.363064 0.225742 0.411194 0
30 0.351637 0.290864 0.357499 0
30 0.393527 0.189559 0.416914 0
30 0.348219 0.243533 0.408249 0
30 0.400141 0.12207 0.477789 0
30 0.362901 0.231753 0.405347 0
30 0.236614 0.469041 0.294345 0
30 0.467041 0.0749905 0.457968 0
30 0.360086 0.294454 0.34546 0
30 0.364291 0.294958 0.340751 0
30 0.337045 0.286889 0.376066 0
30 0.35519 0.293887 0.350923 0
30 0.249369 0.482054 0.268577 0
30 0.383149 0.263799 0.353052 0
30 0.319457 0.381443 0.299101 0
30 0.347804 0.319166 0.33303 0
30 0.371645 0.223433 0.404922 0
30 0.327365 0.298415 0.37422 0
30 0.455038 0.184788 0.355623 0.00455067
30 0.459503 0.172266 0.368231 0
30 0.338869 0.323898 0.337233 0
30 0.503105 0.090379 0.406516 0
30 0.365082 0.211551 0.423367 0
30 0.448853 0.142751 0.408396 0
30 0.330843 0.29013 0.379026 0
30 0.317199 0.351986 0.330815 0
30 0.387586 0.192512 0.419902 0
30 0.3586 0.23828 0.40312 0
30 0.414396 0.220717 0.364886 0
30 0.412302 0.197059 0.390639 0
30 0.448885 0.101345 0.449769 0
30 0.38087 0.232742 0.386388 0
30 0.322796 0.322076 0.355128 0
30 0.43784 0.181201 0.380959 0
30 0.521394 0.0362234 0.442383 0
30 0.333298 0.319695 0.347007 0
30 0.256953 0.435052 0.307995 0
30 0.47361 0.128621 0.397769 0
30 0.431414 0.213978 0.354608 0
30 0.281009 0.360853 0.358138 0
