25 0.156092 0.429293 0.414615 0
25 0.0928049 0.437299 0.469896 0
25 0.10501 0.450423 0.444567 0
25 0.119843 0.46461 0.415547 0
25 0.238028 0.308721 0.453251 0
25 0.0405091 0.582882 0.376609 0
25 0.0749867 0.471545 0.453468 0
25 0.0735259 0.476254 0.45022 0
25 0.0507007 0.579354 0.369945 0
25 0.0822829 0.445164 0.472553 0
25 0.114984 0.500627 0.384389 0
25 0.139759 0.334865 0.525376 0
25 0.093141 0.558758 0.348101 0
25 0.0742954 0.547714 0.377991 0
25 0.0988744 0.348157 0.552968 0
25 0.0558284 0.531571 0.368908 0.0436927
25 0.0657729 0.454776 0.431103 0.0483485
25 0.0568518 0.522175 0.420974 0
25 0.0960576 0.416608 0.487334 0
25 0.0623379 0.581502 0.35616 0
25 0.0503634 0.549619 0.400018 0
25 0.030508 0.613769 0.355723 0
25 0.0835952 0.468201 0.448204 0
25 0.0846781 0.440659 0.474663 0
25 0.0528822 0.481577 0.465541 0
25 0.0686728 0.318316 0.49212 0.120891
25 0.0650813 0.444649 0.49027 0
25 0.0569137 0.606991 0.336095 0
25 0.033482 0.648943 0.317575 0
25 0.0623531 0.441808 0.459403 0.0364362
25 0.0568971 0.446919 0.496184 0
25 0.0326481 0.667483 0.299869 0
25 0.0591248 0.549806 0.391069 0
25 0.0563313 0.477464 0.466204 0
25 0.0613536 0.455239 0.483407 0
25 0.186604 0.373008 0.440388 0
25 0.0684017 0.507789 0.403518 0.0202911
25 0.0492213 0.555838 0.394941 0
25 0.0976135 0.475088 0.427299 0
25 0.101211 0.463831 0.434958 0
25 0.123533 0.453757 0.42271 0
25 0.100428 0.410395 0.489177 0
25 0.0601486 0.43135 0.385487 0.123015
25 0.127815 0.392134 0.480051 0
25 0.0587564 0.5123 0.428943 0
25 0.057657 0.435474 0.506869 0
25 0.0485744 0.55443 0.396996 0
25 0.0778103 0.465656 0.456534 0
25 0.0460733 0.578717 0.37521 0
25 0.0515128 0.538553 0.409934 0
25 0.0781971 0.312615 0.523951 0.0852374
25 0.0505593 0.571904 0.377537 0
25 0.0881716 0.556286 0.32559 0.0299525
25 0.0553644 0.469507 0.475128 0
25 0.0593047 0.5194 0.421296 0
25 0.0789509 0.485406 0.435643 0
25 0.222659 0.33065 0.44669 0
25 0.0574051 0.60879 0.333805 0
25 0.0756672 0.345889 0.578444 0
25 0.0638734 0.4603 0.475827 0
25 0.103545 0.380239 0.516216 0
25 0.0736701 0.547874 0.378456 0
25 0.0687643 0.432381 0.498854 0
25 0.0491958 0.532328 0.418477 0
25 0.0982502 0.433112 0.468638 0
25 0.0532728 0.615351 0.331376 0
25 0.0538277 0.443407 0.502765 0
25 0.0875626 0.501665 0.410773 0
25 0.0932907 0.520144 0.386565 0
25 0.0722113 0.497995 0.429793 0
25 0.0512575 0.518172 0.430571 0
25 0.0394233 0.685938 0.274638 0
25 0.0774966 0.42518 0.497324 0
25 0.146538 0.344077 0.509384 0
25 0.0481538 0.5449 0.406947 0
25 0.0994609 0.371284 0.529255 0
25 0.120688 0.446488 0.432825 0
25 0.0481086 0.578726 0.373165 0
25 0.0950744 0.349381 0.555545 0
25 0.0520874 0.592665 0.355247 0
25 0.0941921 0.453567 0.452241 0
25 0.0554951 0.569703 0.374802 0
25 0.0793497 0.436303 0.484348 0
25 0.0987573 0.557842 0.343401 0
25 0.0584737 0.486532 0.454994 0
25 0.123445 0.369965 0.50659 0
25 0.0572532 0.682656 0.26009 0
25 0.0819402 0.486942 0.431118 0
25 0.0485361 0.558134 0.39333 0
25 0.0925019 0.404724 0.502774 0
25 0.0384513 0.644877 0.316672 0
25 0.0972836 0.360062 0.542655 0
25 0.096948 0.429917 0.442632 0.0305026
25 0.0351475 0.624327 0.340525 0
25 0.113634 0.336753 0.549612 0
25 0.0477256 0.579155 0.37312 0
25 0.115393 0.403238 0.481369 0
25 0.0347029 0.626323 0.338974 0
25 0.120777 0.332635 0.546589 0
25 0.0560483 0.519619 0.424333 0
