20 0.0747668 0.53872 0.380738 0.00577498
20 0.0863494 0.474897 0.375102 0.0636519
20 0.0876584 0.498402 0.345195 0.0687438
20 0.0577936 0.604244 0.326319 0.0116435
20 0.0853485 0.545205 0.365286 0.00416059
20 0.0730314 0.510027 0.347006 0.0699355
20 0.0938088 0.554381 0.349126 0.00268495
20 0.0995259 0.536742 0.335903 0.0278296
20 0.0978162 0.493941 0.396943 0.0112998
20 0.113761 0.4708 0.359737 0.0557023
20 0.0683959 0.560093 0.364356 0.00715536
20 0.103939 0.486371 0.378756 0.0309347
20 0.111949 0.417352 0.408652 0.0620465
20 0.107348 0.518265 0.371532 0.0028551
20 0.144552 0.298877 0.380587 0.175984
20 0.138891 0.427795 0.425058 0.00825646
20 0.130613 0.453508 0.385702 0.0301773
20 0.118078 0.411178 0.406709 0.0640357
20 0.0919727 0.381935 0.43197 0.0941222
20 0.119108 0.408845 0.407532 0.0645153
20 0.131039 0.286471 0.425029 0.157461
20 0.0779602 0.565906 0.323239 0.0328957
20 0.0989538 0.503994 0.346981 0.0500711
20 0.108256 0.478133 0.317866 0.0957446
20 0.150996 0.375923 0.462549 0.0105315
20 0.084708 0.590015 0.305033 0.0202446
20 0.114103 0.421503 0.40322 0.0611745
20 0.100496 0.572683 0.324539 0.00228143
20 0.108943 0.467559 0.354756 0.0687424
20 0.109852 0.535751 0.343008 0.0113899
20 0.0873045 0.470649 0.436814 0.00523267
20 0.114106 0.402289 0.433107 0.050499
20 0.112011 0.402646 0.421951 0.0633923
20 0.105774 0.503547 0.339389 0.0512901
20 0.127116 0.380927 0.437044 0.0549135
20 0.0827073 0.50018 0.348418 0.0686952
20 0.0889773 0.502429 0.399334 0.0092597
20 0.0937979 0.447481 0.360932 0.0977891
20 0.094726 0.435851 0.400254 0.0691692
20 0.0918316 0.458048 0.384683 0.0654373
20 0.149375 0.39542 0.425084 0.0301204
20 0.0890888 0.534979 0.361889 0.0140434
20 0.0863904 0.498202 0.3482 0.0672071
20 0.0923843 0.500688 0.353577 0.0533503
20 0.127545 0.415266 0.425341 0.0318477
20 0.0860591 0.501786 0.333014 0.0791418
20 0.102999 0.474536 0.377054 0.0454106
20 0.121697 0.471399 0.38784 0.0190636
20 0.13566 0.45169 0.399527 0.0131238
20 0.0788708 0.566602 0.341606 0.0129207
20 0.115975 0.389639 0.472358 0.0220279
20 0.145509 0.433345 0.401869 0.0192768
20 0.0926873 0.564226 0.318259 0.024828
20 0.118187 0.51742 0.349645 0.0147479
20 0.0928865 0.50114 0.335939 0.0700344
20 0.0883342 0.559285 0.346542 0.00583859
20 0.052723 0.531321 0.40116 0.0147957
20 0.103925 0.476619 0.396354 0.0231018
20 0.130675 0.427396 0.341031 0.100898
20 0.0951209 0.54524 0.333492 0.026148
20 0.129861 0.417224 0.401772 0.0511428
20 0.127163 0.372144 0.358669 0.142024
20 0.0893114 0.48163 0.354462 0.0745974
20 0.108797 0.406465 0.3683 0.116437
20 0.117496 0.409587 0.400725 0.0721919
20 0.0887445 0.516457 0.355072 0.0397272
20 0.107647 0.529887 0.356914 0.00555245
20 0.102019 0.504056 0.377502 0.0164234
20 0.0866569 0.491805 0.399041 0.0224964
20 0.103309 0.480227 0.376354 0.0401093
20 0.075284 0.580302 0.314491 0.0299229
20 0.130749 0.375422 0.452593 0.0412352
20 0.0866574 0.476592 0.312051 0.1247
20 0.111939 0.461573 0.385188 0.0413007
20 0.124743 0.470694 0.385528 0.0190345
20 0.0688724 0.557143 0.360037 0.0139473
20 0.0732703 0.588756 0.29907 0.0389037
20 0.0891457 0.56768 0.33105 0.0121243
20 0.0940719 0.563923 0.332544 0.00946126
20 0.0932892 0.563424 0.333013 0.0102733
20 0.100874 0.538061 0.35452 0.00654546
20 0.161918 0.252088 0.443853 0.142141
20 0.0873735 0.510007 0.363091 0.0395279
20 0.176712 0.30206 0.467078 0.0541494
20 0.108189 0.498418 0.355892 0.0375013
20 0.10456 0.491779 0.392968 0.0106936
20 0.128122 0.420946 0.418706 0.0322261
20 0.0898067 0.428934 0.446148 0.0351117
20 0.100585 0.554779 0.343325 0.00131075
20 0.0776437 0.529949 0.380822 0.0115846
20 0.0966591 0.489274 0.371192 0.042875
20 0.0881697 0.460344 0.316793 0.134693
20 0.105382 0.446676 0.405564 0.0423777
20 0.105586 0.423481 0.434176 0.0367565
20 0.131806 0.458697 0.330761 0.0787366
20 0.101083 0.462091 0.370119 0.0667071
20 0.112661 0.429485 0.398076 0.0597773
20 0.0952964 0.47035 0.391958 0.0423952
20 0.16868 0.279887 0.458913 0.0925197
20 0.116092 0.450861 0.405018 0.0280284
