10 0.0768978 0.467386 0.455716 0
10 0.0439504 0.457476 0.498573 0
10 0.0956563 0.42803 0.476313 0
10 0.0812842 0.43326 0.485456 0
10 0.0467497 0.545552 0.407698 0
10 0.0688918 0.555744 0.375364 0
10 0.0672241 0.493894 0.438882 0
10 0.0506772 0.421157 0.409933 0.118233
10 0.0854702 0.484513 0.430017 0
10 0.0727347 0.549605 0.37766 0
10 0.0546661 0.520791 0.424543 0
10 0.0864275 0.510011 0.403561 0
10 0.160667 0.424585 0.414747 0
10 0.10515 0.490919 0.403932 0
10 0.0726532 0.534155 0.393192 0
10 0.0838874 0.462862 0.453251 0
10 0.0860464 0.460678 0.444631 0.00864512
10 0.0816371 0.550614 0.367749 0
10 0.141166 0.447285 0.411549 0
10 0.0669451 0.520428 0.412627 0
10 0.0606417 0.375759 0.409057 0.154542
10 0.0561741 0.500818 0.443008 0
10 0.0420696 0.477544 0.480387 0
10 0.0562652 0.471541 0.472194 0
10 0.0832236 0.503784 0.412993 0
10 0.132207 0.500251 0.367543 0
10 0.0649126 0.524949 0.410139 0
10 0.0627281 0.5288 0.408472 0
10 0.0966962 0.46682 0.436484 0
10 0.0521699 0.490726 0.457104 0
10 0.0546034 0.530319 0.415077 0
10 0.0961515 0.463145 0.440703 0
10 0.0520884 0.46819 0.402885 0.0768358
10 0.0659062 0.482684 0.45141 0
10 0.0654461 0.460266 0.474288 0
10 0.0481733 0.539167 0.412659 0
10 0.0533603 0.4521 0.494539 0
10 0.124016 0.526087 0.349896 0
10 0.0590807 0.452835 0.479321 0.00876354
10 0.101383 0.481402 0.417215 0
10 0.0575851 0.509791 0.432624 0
10 0.076048 0.489349 0.434603 0
10 0.0768518 0.540259 0.382889 0
10 0.0771928 0.506592 0.416215 0
10 0.0674601 0.449267 0.483273 0
10 0.104735 0.481795 0.41347 0
10 0.0591354 0.58429 0.356574 0
10 0.0598196 0.545872 0.394308 0
10 0.0713154 0.48226 0.446425 0
10 0.0742071 0.491161 0.434632 0
10 0.118111 0.452099 0.42979 0
10 0.0821217 0.521671 0.396207 0
10 0.0780505 0.474255 0.447695 0
10 0.0622037 0.519304 0.418492 0
10 0.0573811 0.357312 0.361917 0.22339
10 0.055084 0.541578 0.403338 0
10 0.065452 0.561549 0.372999 0
10 0.0606036 0.381546 0.409881 0.14797
10 0.0650671 0.507658 0.427275 0
10 0.068667 0.507968 0.423365 0
10 0.0601406 0.556856 0.383003 0
10 0.0776642 0.508823 0.413513 0
10 0.0874183 0.484501 0.428081 0
10 0.0859347 0.488477 0.425588 0
10 0.0713069 0.517222 0.411471 0
10 0.0583627 0.575701 0.365937 0
10 0.0484293 0.466696 0.484875 0
10 0.0578025 0.514948 0.42725 0
10 0.113564 0.48003 0.406405 0
10 0.0813144 0.466809 0.451877 0
10 0.0729713 0.421357 0.505671 0
10 0.0957798 0.433802 0.470418 0
10 0.0598856 0.561373 0.378742 0
10 0.0637012 0.519783 0.416516 0
10 0.0815475 0.469253 0.403993 0.0452061
10 0.0981542 0.437783 0.464062 0
10 0.0511161 0.576459 0.372425 0
10 0.062847 0.41083 0.411941 0.114382
10 0.0879931 0.452 0.460007 0
10 0.0699708 0.602401 0.327628 0
10 0.0459549 0.614414 0.339632 0
10 0.0846613 0.405893 0.509445 0
10 0.0640726 0.52871 0.407217 0
10 0.163617 0.408426 0.427957 0
10 0.0495372 0.582614 0.355934 0.0119153
10 0.0617314 0.417138 0.521131 0
10 0.0883158 0.463456 0.448228 0
10 0.0588995 0.521712 0.419388 0
10 0.0639253 0.527153 0.408922 0
10 0.0881112 0.467062 0.444827 0
10 0.0808276 0.491587 0.427585 0
10 0.0615938 0.466473 0.471933 0
10 0.069293 0.513439 0.417268 0
10 0.0737447 0.550252 0.376003 0
10 0.0841368 0.454807 0.461056 0
10 0.0914468 0.548126 0.360427 0
10 0.0829395 0.474282 0.442778 0
10 0.0688113 0.530396 0.400793 0
10 0.0802525 0.446185 0.473563 0
10 0.0691359 0.523807 0.407057 0
