25 0.316679 0.241709 0.441612 0
25 0.317616 0.216315 0.466068 0
25 0.22773 0.323358 0.350914 0.0979983
25 0.27968 0.233342 0.406546 0.0804318
25 0.401201 0.127744 0.471055 0
25 0.343726 0.175046 0.481228 0
25 0.318849 0.241508 0.439643 0
25 0.28272 0.326916 0.390364 0
25 0.250074 0.367702 0.382224 0
25 0.277755 0.337258 0.384987 0
25 0.323584 0.270917 0.405499 0
25 0.262423 0.329474 0.408103 0
25 0.341069 0.178417 0.480514 0
25 0.297389 0.333246 0.369365 0
25 0.272286 0.332285 0.395429 0
25 0.367352 0.0535617 0.494049 0.085038
25 0.309947 0.283044 0.407009 0
25 0.307627 0.356058 0.336315 0
25 0.315979 0.211582 0.47244 0
25 0.238276 0.395447 0.366276 0
25 0.30726 0.302422 0.390318 0
25 0.251968 0.34552 0.402512 0
25 0.266535 0.353062 0.380404 0
25 0.287828 0.288694 0.423478 0
25 0.270682 0.272727 0.45659 0
25 0.290674 0.265462 0.437398 0.00646729
25 0.301349 0.299588 0.390331 0.00873139
25 0.237214 0.31514 0.447645 0
25 0.273243 0.290241 0.436516 0
25 0.338557 0.211478 0.449965 0
25 0.297218 0.240358 0.462424 0
25 0.29621 0.247907 0.455883 0
25 0.325804 0.275211 0.398985 0
25 0.276027 0.269385 0.454587 0
25 0.206415 0.425571 0.368014 0
25 0.210042 0.376444 0.413514 0
25 0.339738 0.127553 0.532709 0
25 0.203153 0.377428 0.419419 0
25 0.285664 0.284029 0.430308 0
25 0.29967 0.305128 0.395202 0
25 0.204753 0.45198 0.341539 0.00172742
25 0.272697 0.37148 0.355823 0
25 0.233091 0.35895 0.407959 0
25 0.239214 0.397346 0.36344 0
25 0.231091 0.422409 0.346501 0
25 0.239898 0.308961 0.451141 0
25 0.32283 0.256723 0.420448 0
25 0.260676 0.32513 0.414194 0
25 0.332838 0.192586 0.474576 0
25 0.217905 0.44198 0.340115 0
25 0.32995 0.223933 0.446117 0
25 0.24919 0.351024 0.399787 0
25 0.255644 0.305531 0.438824 0
25 0.225265 0.371088 0.403647 0
25 0.341308 0.274621 0.384071 0
25 0.309883 0.207255 0.482862 0
25 0.26282 0.31181 0.42537 0
25 0.379544 0.18357 0.436886 0
25 0.290687 0.304105 0.405208 0
25 0.274114 0.261247 0.464639 0
25 0.23938 0.41179 0.348829 0
25 0.294903 0.27053 0.434566 0
25 0.219729 0.444923 0.335348 0
25 0.335334 0.238313 0.386056 0.0402964
25 0.268009 0.391745 0.340245 0
25 0.299576 0.371258 0.329166 0
25 0.253408 0.340224 0.406367 0
25 0.207997 0.400159 0.391844 0
25 0.245692 0.379504 0.374804 0
25 0.293706 0.300981 0.405313 0
25 0.229206 0.321992 0.448802 0
25 0.27354 0.348782 0.377678 0
25 0.278366 0.178108 0.543526 0
25 0.332519 0.186821 0.48066 0
25 0.2647 0.353682 0.381619 0
25 0.246703 0.367369 0.385928 0
25 0.236966 0.356364 0.40667 0
25 0.243129 0.374441 0.38243 0
25 0.253709 0.381236 0.365055 0
25 0.331699 0.269779 0.398522 0
25 0.229365 0.357988 0.412647 0
25 0.296062 0.265076 0.438862 0
25 0.3443 0.174287 0.481412 0
25 0.268318 0.371797 0.359885 0
25 0.254322 0.353679 0.391999 0
25 0.251927 0.2853 0.462774 0
25 0.277048 0.31041 0.412542 0
25 0.299552 0.335493 0.364955 0
25 0.273326 0.311039 0.415635 0
25 0.282898 0.313084 0.404017 0
25 0.204749 0.393206 0.402045 0
25 0.285083 0.335918 0.378998 0
25 0.243997 0.398001 0.358002 0
25 0.190063 0.489479 0.320458 0
25 0.309207 0.335206 0.355588 0
25 0.282383 0.351187 0.366429 0
25 0.24234 0.394069 0.363591 0
25 0.242962 0.428779 0.328259 0
25 0.320101 0.187304 0.492595 0
25 0.36601 0.16209 0.4719 0
