1 0 0.81026 0.185746 0.00399335
1 0 0.787805 0.206478 0.00571773
1 0 0.785491 0.213094 0.00141457
1 0 0.793944 0.200163 0.00589348
1 0 0.794301 0.204772 0.000927283
1 0 0.775241 0.218395 0.00636369
1 0 0.808332 0.182396 0.0092712
1 0 0.777232 0.217035 0.00573338
1 0 0.819958 0.179408 0.000633883
1 0 0.75987 0.233237 0.00689288
1 0 0.809976 0.187865 0.00215909
1 0 0.806904 0.185377 0.00771891
1 0 0.786597 0.205812 0.00759044
1 0 0.817168 0.182344 0.000487742
1 0 0.760454 0.232582 0.00696464
1 0 0.780098 0.208587 0.0113151
1 0 0.811078 0.188112 0.000810365
1 0 0.779475 0.212749 0.00777641
1 0 0.78815 0.207964 0.00388665
1 0 0.77372 0.210358 0.0159214
1 0 0.766774 0.225029 0.00819729
1 0 0.80356 0.1902 0.00623927
1 0 0.788829 0.204417 0.00675406
1 0 0.810578 0.187431 0.00199061
1 0 0.776009 0.221924 0.00206677
1 0 0.772537 0.210145 0.017318
1 0 0.783936 0.208717 0.00734692
1 0 0.801436 0.19093 0.00763393
1 0 0.779318 0.21746 0.00322217
1 0 0.784592 0.207697 0.00771046
1 0 0.830326 0.162759 0.00691562
1 0 0.800451 0.197704 0.00184455
1 0 0.806008 0.191569 0.00242371
1 0 0.798207 0.194341 0.00745189
1 0 0.783132 0.209123 0.00774435
1 0 0.797802 0.200379 0.0018186
1 0 0.812713 0.182201 0.00508578
1 0 0.795603 0.200675 0.00372186
1 0 0.766735 0.226967 0.0062983
1 0 0.797881 0.200001 0.00211825
1 0 0.819481 0.176515 0.00400489
1 0 0.762648 0.220354 0.0169972
1 0 0.789015 0.209605 0.00137953
1 0 0.788766 0.204014 0.00721975
1 0 0.782372 0.20965 0.00797847
1 0 0.80875 0.181836 0.00941417
1 0 0.769391 0.223057 0.00755241
1 0 0.765248 0.2266 0.00815237
1 0 0.782758 0.209934 0.00730796
1 0 0.827325 0.170928 0.00174686
1 0 0.802182 0.194207 0.00361085
1 0 0.812843 0.186336 0.000821184
1 0 0.815532 0.174015 0.010453
1 0 0.795358 0.198367 0.00627566
1 0 0.794098 0.193969 0.0119326
1 0 0.770358 0.209301 0.0203404
1 0 0.79052 0.205099 0.00438088
1 0 0.781197 0.210155 0.00864772
1 0 0.804234 0.193353 0.00241332
1 0 0.770621 0.221201 0.0081788
1 0 0.785424 0.20739 0.0071864
1 0 0.771171 0.222024 0.00680539
1 0 0.770643 0.220104 0.00925273
1 0 0.773598 0.217036 0.00936634
1 0 0.825808 0.174126 6.60992e-05
1 0 0.803222 0.195084 0.00169358
1 0 0.770933 0.227364 0.00170283
1 0 0.772118 0.207712 0.0201706
1 0 0.773566 0.217754 0.00868055
1 0 0.749877 0.242102 0.00802085
1 0 0.802395 0.197466 0.000138229
1 0 0.795097 0.199175 0.00572808
1 0 0.804258 0.190266 0.00547564
1 0 0.797004 0.202654 0.000341865
1 0 0.793744 0.200002 0.00625396
1 0 0.772875 0.224341 0.00278366
1 0 0.805757 0.18078 0.0134624
1 0 0.806547 0.191897 0.0015556
1 0 0.758739 0.228329 0.0129323
1 0 0.805322 0.191454 0.00322404
1 0 0.820602 0.17836 0.00103833
1 0 0.790184 0.208477 0.00133956
1 0 0.780857 0.210597 0.00854658
1 0 0.765032 0.226687 0.00828098
1 0 0.787196 0.212697 0.000106474
1 0 0.774636 0.209631 0.0157329
1 0 0.794602 0.198115 0.00728336
1 0 0.796278 0.196896 0.00682558
1 0 0.804241 0.194273 0.00148563
1 0 0.780955 0.212233 0.0068128
1 0 0.799136 0.197002 0.00386176
1 0 0.780092 0.219056 0.000852043
1 0 0.804783 0.19205 0.0031676
1 0 0.811458 0.188079 0.000462205
1 0 0.805678 0.19431 1.15964e-05
1 0 0.776573 0.213418 0.0100092
1 0 0.806863 0.193135 2.16044e-06
1 0 0.7855 0.214464 3.57094e-05
1 0 0.819038 0.180342 0.000620338
1 0 0.785182 0.208243 0.00657504
