15 0.17457 0.511873 0.313556 0
15 0.16345 0.5483 0.288251 0
15 0.127391 0.601012 0.263432 0.00816516
15 0.114878 0.637847 0.247276 0
15 0.108088 0.690036 0.201876 0
15 0.173782 0.559399 0.266819 0
15 0.137538 0.601957 0.260505 0
15 0.131181 0.623889 0.23656 0.00836999
15 0.162037 0.57591 0.262053 0
15 0.266227 0.462627 0.271146 0
15 0.159088 0.555029 0.285882 0
15 0.161837 0.566907 0.271256 0
15 0.12507 0.61783 0.257101 0
15 0.176016 0.529276 0.294708 0
15 0.176137 0.539622 0.284241 0
15 0.138873 0.610651 0.250476 0
15 0.176024 0.509702 0.314275 0
15 0.169457 0.535915 0.294628 0
15 0.136064 0.623818 0.240118 0
15 0.142798 0.590052 0.255137 0.0120127
15 0.155841 0.573976 0.270183 0
15 0.101797 0.698155 0.200048 0
15 0.107374 0.702416 0.19021 0
15 0.110365 0.698184 0.191452 0
15 0.134495 0.624078 0.229347 0.0120808
15 0.142195 0.622495 0.23531 0
15 0.125161 0.634799 0.24004 0
15 0.127003 0.614288 0.258709 0
15 0.141289 0.59678 0.26193 0
15 0.166153 0.557603 0.276244 0
15 0.148591 0.591114 0.260295 0
15 0.165115 0.596089 0.238796 0
15 0.197303 0.503943 0.298754 0
15 0.140175 0.630918 0.228907 0
15 0.123564 0.617676 0.25876 0
15 0.1625 0.574521 0.262979 0
15 0.151521 0.575059 0.273419 0
15 0.136934 0.610002 0.253064 0
15 0.168662 0.551732 0.268673 0.0109324
15 0.183026 0.537544 0.27943 0
15 0.190451 0.522696 0.286852 0
15 0.131463 0.666763 0.201774 0
15 0.152123 0.604191 0.243686 0
15 0.137846 0.634372 0.227782 0
15 0.159395 0.56812 0.272485 0
15 0.134579 0.59998 0.265441 0
15 0.202716 0.505541 0.291743 0
15 0.120743 0.638709 0.229894 0.0106532
15 0.133671 0.645584 0.220745 0
15 0.107127 0.681081 0.211792 0
15 0.123245 0.649045 0.22771 0
15 0.155554 0.560469 0.283977 0
15 0.126225 0.614241 0.259533 0
15 0.172261 0.53309 0.294649 0
15 0.142189 0.605559 0.252252 0
15 0.155892 0.588807 0.255301 0
15 0.144774 0.610286 0.24494 0
15 0.140667 0.579651 0.279682 0
15 0.146673 0.569608 0.277773 0.00594607
15 0.155722 0.593316 0.250962 0
15 0.166047 0.57732 0.256633 0
15 0.125652 0.630133 0.244215 0
15 0.138302 0.633008 0.22869 0
15 0.226087 0.487145 0.286768 0
15 0.138197 0.622159 0.239644 0
15 0.211004 0.455973 0.333023 0
15 0.147169 0.586472 0.266359 0
15 0.156387 0.608604 0.235009 0
15 0.116422 0.665113 0.218465 0
15 0.14399 0.584626 0.254287 0.0170966
15 0.167408 0.563954 0.268638 0
15 0.212997 0.447748 0.339254 0
15 0.134144 0.62176 0.244096 0
15 0.21744 0.550044 0.232517 0
15 0.114729 0.659535 0.225736 0
15 0.136598 0.644258 0.219144 0
15 0.138535 0.582992 0.278473 0
15 0.147166 0.595898 0.256935 0
15 0.162439 0.559626 0.277935 0
15 0.152582 0.555409 0.292009 0
15 0.130912 0.614422 0.254666 0
15 0.125886 0.647717 0.226397 0
15 0.136363 0.619287 0.24435 0
15 0.164027 0.562724 0.273249 0
15 0.160307 0.586247 0.253445 0
15 0.151967 0.581201 0.252099 0.0147326
15 0.172694 0.544893 0.282413 0
15 0.106397 0.685752 0.207851 0
15 0.124275 0.619314 0.256411 0
15 0.134569 0.635752 0.229679 0
15 0.130204 0.668102 0.201694 0
15 0.114814 0.63548 0.249706 0
15 0.151349 0.582001 0.26665 0
15 0.127939 0.657533 0.214528 0
15 0.124257 0.654773 0.22097 0
15 0.166044 0.557412 0.276544 0
15 0.176528 0.588864 0.234608 0
15 0.20473 0.452846 0.342424 0
15 0.137177 0.618973 0.243849 0
15 0.16532 0.590574 0.244106 0
