25 0.308487 0.353848 0.332831 0.00483458
25 0.348765 0.244526 0.39965 0.00705876
25 0.254964 0.475553 0.268885 0.000598132
25 0.335015 0.30329 0.357478 0.00421676
25 0.398275 0.24533 0.354953 0.00144151
25 0.317261 0.349662 0.332335 0.000741446
25 0.343819 0.294753 0.361026 0.000400962
25 0.36618 0.236695 0.3911 0.00602549
25 0.265162 0.428755 0.305874 0.000209589
25 0.365633 0.214516 0.401185 0.0186661
25 0.481104 0.0874573 0.386678 0.0447599
25 0.331594 0.287153 0.377882 0.00337165
25 0.372052 0.278882 0.345606 0.00346078
25 0.302236 0.390361 0.306951 0.00045133
25 0.28869 0.411287 0.294398 0.00562519
25 0.287973 0.406591 0.30346 0.00197534
25 0.311442 0.349898 0.333443 0.00521699
25 0.306368 0.369121 0.323375 0.00113622
25 0.412253 0.196052 0.389558 0.00213677
25 0.3765 0.242564 0.377732 0.00320512
25 0.356112 0.267267 0.375125 0.0014952
25 0.318522 0.328596 0.349652 0.00323005
25 0.350883 0.288493 0.358279 0.00234385
25 0.366757 0.228466 0.397442 0.00733553
25 0.314133 0.345735 0.337666 0.0024652
25 0.319284 0.35102 0.327614 0.0020825
25 0.313734 0.366313 0.312744 0.00720894
25 0.322668 0.320682 0.352693 0.00395731
25 0.303252 0.365917 0.304363 0.0264688
25 0.34337 0.275718 0.37378 0.00713123
25 0.283842 0.39398 0.321945 0.000232397
25 0.279389 0.407146 0.309919 0.00354512
25 0.364651 0.268708 0.362536 0.00410561
25 0.341869 0.294577 0.361849 0.00170467
25 0.327407 0.306718 0.336189 0.0296861
25 0.336683 0.295711 0.360292 0.00731385
25 0.343637 0.313377 0.338528 0.00445913
25 0.329454 0.297578 0.368161 0.00480727
25 0.311172 0.349175 0.33777 0.00188228
25 0.358562 0.265328 0.37289 0.00322065
25 0.284236 0.418293 0.295205 0.00226513
25 0.417872 0.208505 0.368659 0.00496474
25 0.347196 0.304564 0.345081 0.00315834
25 0.338122 0.295272 0.364409 0.00219707
25 0.350609 0.312059 0.33441 0.00292224
25 0.433401 0.211583 0.350992 0.00402472
25 0.325203 0.364907 0.30989 0
25 0.318386 0.326975 0.35271 0.00192833
25 0.340382 0.309256 0.340316 0.0100467
25 0.352522 0.303537 0.339173 0.00476744
25 0.379548 0.229587 0.373227 0.0176368
25 0.302467 0.364584 0.331338 0.00161141
25 0.268704 0.464773 0.266507 1.62356e-05
25 0.390386 0.214706 0.390492 0.0044161
25 0.388807 0.223644 0.366507 0.0210412
25 0.327571 0.338616 0.331318 0.0024943
25 0.254452 0.454145 0.289694 0.00170868
25 0.34175 0.29231 0.362872 0.00306771
25 0.346644 0.274007 0.379109 0.000239511
25 0.356448 0.307542 0.329564 0.00644585
25 0.468141 0.116631 0.411332 0.00389628
25 0.385268 0.228458 0.384306 0.00196777
25 0.336115 0.320726 0.339554 0.00360405
25 0.397656 0.238074 0.36427 0
25 0.290189 0.405571 0.30424 0
25 0.367564 0.314417 0.312986 0.00503323
25 0.331068 0.320595 0.34542 0.00291709
25 0.352821 0.225653 0.375942 0.0455843
25 0.302497 0.35403 0.341109 0.00236387
25 0.358098 0.273237 0.367647 0.0010187
25 0.308672 0.362987 0.323921 0.00442048
25 0.360251 0.294086 0.342643 0.00301922
25 0.459458 0.151155 0.379286 0.0101005
25 0.309462 0.395683 0.291975 0.00287899
25 0.310593 0.332902 0.353026 0.00347879
25 0.338068 0.355201 0.303351 0.00337965
25 0.343876 0.329225 0.317104 0.00979558
25 0.382198 0.202717 0.409965 0.0051194
25 0.305874 0.361991 0.328026 0.00410981
25 0.320362 0.299622 0.37814 0.00187582
25 0.34536 0.287338 0.361996 0.00530589
25 0.267213 0.436348 0.292904 0.0035362
25 0.350718 0.289256 0.354195 0.00583136
25 0.328862 0.33038 0.336377 0.00438158
25 0.367063 0.250725 0.379967 0.00224527
25 0.42302 0.190644 0.379849 0.00648706
25 0.320098 0.32877 0.346422 0.00470861
25 0.299138 0.368421 0.326988 0.00545341
25 0.305486 0.342284 0.3446 0.00762887
25 0.275922 0.420658 0.301507 0.00191207
25 0.330325 0.339335 0.32814 0.00220093
25 0.339785 0.288408 0.369763 0.00204375
25 0.384603 0.210474 0.400273 0.00465
25 0.318469 0.291432 0.384788 0.00531155
25 0.346163 0.246744 0.402771 0.00432194
25 0.417431 0.156116 0.402933 0.0235193
25 0.384164 0.228733 0.386964 0.00013926
25 0.375772 0.287157 0.326076 0.0109953
25 0.305279 0.354168 0.336383 0.00417033
25 0.264719 0.426 0.307792 0.0014884
