30 0.290137 0.246624 0.39029 0.0729486
30 0.306564 0.253163 0.392027 0.0482464
30 0.368117 0.203895 0.427988 0
30 0.285685 0.277573 0.407256 0.0294859
30 0.313591 0.197798 0.488611 0
30 0.324699 0.265423 0.409877 0
30 0.316761 0.256248 0.426991 0
30 0.347713 0.280457 0.37183 0
30 0.29917 0.347862 0.352968 0
30 0.436467 0.0926679 0.470865 0
30 0.374926 0.0853628 0.50843 0.0312808
30 0.338816 0.156771 0.499652 0.00476119
30 0.415412 0.178402 0.406186 0
30 0.315732 0.208854 0.475414 0
30 0.338923 0.227416 0.433661 0
30 0.337474 0.22285 0.439677 0
30 0.385743 0.197061 0.417196 0
30 0.328862 0.251093 0.420045 0
30 0.392029 0.152506 0.455464 0
30 0.313997 0.326038 0.359965 0
30 0.336034 0.249662 0.414304 0
30 0.37402 0.158539 0.467441 0
30 0.295497 0.225061 0.479442 0
30 0.415043 0.150939 0.434018 0
30 0.385049 0.111578 0.503374 0
30 0.298616 0.284607 0.416778 0
30 0.298166 0.430679 0.271155 0
30 0.338397 0.31223 0.349374 0
30 0.450017 0.151202 0.398781 0
30 0.431043 0.0805561 0.488401 0
30 0.346119 0.163451 0.49043 0
30 0.438292 0.125909 0.435799 0
30 0.381769 0.220561 0.397669 0
30 0.320821 0.16509 0.461831 0.0522578
30 0.43889 0.178536 0.382574 0
30 0.272758 0.27474 0.452502 0
30 0.298259 0.165449 0.536291 0
30 0.373348 0.162624 0.464028 0
30 0.26018 0.358995 0.380825 0
30 0.29418 0.211298 0.494521 0
30 0.296191 0.311216 0.392593 0
30 0.222906 0.31892 0.458174 0
30 0.32103 0.186316 0.492654 0
30 0.437052 0.0933573 0.469591 0
30 0.352595 0.255959 0.391446 0
30 0.365391 0.219391 0.415218 0
30 0.312851 0.164562 0.522587 0
30 0.326632 0.230218 0.44315 0
30 0.322839 0.207261 0.4699 0
30 0.39615 0.185553 0.418297 0
30 0.276997 0.275099 0.447904 0
30 0.355075 0.293873 0.351053 0
30 0.294208 0.325683 0.380109 0
30 0.346685 0.198412 0.454903 0
30 0.327604 0.259913 0.412483 0
30 0.343515 0.201817 0.454668 0
30 0.328802 0.215713 0.455485 0
30 0.354312 0.216103 0.429586 0
30 0.342995 0.263238 0.393766 0
30 0.372692 0.205325 0.421983 0
30 0.409481 0.106673 0.483846 0
30 0.311421 0.237268 0.451311 0
30 0.34092 0.193967 0.465114 0
30 0.32683 0.236618 0.436552 0
30 0.36827 0.143174 0.488556 0
30 0.225222 0.456782 0.317996 0
30 0.376345 0.218233 0.405422 0
30 0.29879 0.206273 0.442979 0.0519591
30 0.292182 0.169899 0.537919 0
30 0.31447 0.259222 0.426307 0
30 0.35452 0.227306 0.418173 0
30 0.327464 0.21326 0.459276 0
30 0.366439 0.195569 0.437992 0
30 0.332772 0.227564 0.439664 0
30 0.342794 0.164469 0.492737 0
30 0.335434 0.229047 0.43552 0
30 0.380921 0.189938 0.429141 0
30 0.32888 0.207717 0.463403 0
30 0.423895 0.0949715 0.481134 0
30 0.386199 0.246268 0.367533 0
30 0.355906 0.219407 0.424687 0
30 0.333901 0.210687 0.455413 0
30 0.333735 0.226156 0.44011 0
30 0.286528 0.367666 0.345807 0
30 0.325288 0.298853 0.375858 0
30 0.28536 0.254908 0.459733 0
30 0.320017 0.206706 0.473276 0
30 0.388447 0.31397 0.297584 0
30 0.321341 0.212694 0.465965 0
30 0.371258 0.243754 0.384987 0
30 0.301479 0.23352 0.465001 0
30 0.333623 0.315386 0.350991 0
30 0.304894 0.321208 0.373898 0
30 0.402332 0.161045 0.436623 0
30 0.301327 0.29761 0.401064 0
30 0.325743 0.244205 0.430052 0
30 0.339171 0.232157 0.428671 0
30 0.449108 0.067707 0.483185 0
30 0.301333 0.260956 0.43771 0
30 0.317701 0.235412 0.446887 0
