25 0.0321105 0.538351 0.429538 0
25 0.0118816 0.566242 0.421876 0
25 0.0628247 0.548485 0.38869 0
25 0.00891937 0.620092 0.370989 0
25 0.11 0.419068 0.470932 0
25 0.0108483 0.524293 0.464858 0
25 0.0440443 0.573607 0.362259 0.0200894
25 0.0208614 0.574776 0.404363 0
25 0.0604182 0.513356 0.426226 0
25 0.0939786 0.412736 0.493285 0
25 0.0256845 0.512376 0.46194 0
25 0.159006 0.284541 0.556453 0
25 0.053541 0.460793 0.485666 0
25 0.0199405 0.62869 0.35137 0
25 0.0139765 0.60453 0.381493 0
25 0.0149347 0.488687 0.496378 0
25 0.290189 0.158778 0.551033 0
25 0.0190388 0.584514 0.396448 0
25 0.0208308 0.597463 0.381706 0
25 0.0474538 0.522343 0.42982 0.000382821
25 0.0687159 0.347997 0.517707 0.0655802
25 0.0356613 0.536299 0.42804 0
25 0.0411055 0.515739 0.443156 0
25 0.0478573 0.572144 0.379998 0
25 0.0526386 0.662604 0.284758 0
25 0.10969 0.478787 0.411523 0
25 0.0139414 0.612722 0.373337 0
25 0.0312652 0.436889 0.531846 0
25 0.0388232 0.536872 0.424305 0
25 0.1064 0.319544 0.574057 0
25 0.0491615 0.60335 0.347488 0
25 0.133582 0.208431 0.602108 0.0558788
25 0.0176521 0.437631 0.544717 0
25 0.0530172 0.540724 0.406259 0
25 0.0189047 0.461601 0.519494 0
25 0.0583435 0.442131 0.499525 0
25 0.024348 0.524826 0.450826 0
25 0.068369 0.433459 0.498172 0
25 0.0167505 0.446286 0.536964 0
25 0.162688 0.354688 0.482625 0
25 0.0140728 0.4733 0.512628 0
25 0.0451391 0.424344 0.530517 0
25 0.126397 0.479618 0.393985 0
25 0.0144976 0.609586 0.375917 0
25 0.0466216 0.491131 0.462247 0
25 0.0404539 0.492593 0.466953 0
25 0.015227 0.544114 0.440659 0
25 0.0394412 0.551336 0.409223 0
25 0.0584193 0.449239 0.492342 0
25 0.0207671 0.538179 0.400072 0.0409817
25 0.0903099 0.465209 0.444481 0
25 0.0573568 0.380568 0.562075 0
25 0.0159783 0.532121 0.451901 0
25 0.112142 0.350017 0.537841 0
25 0.064172 0.615292 0.320536 0
25 0.0213207 0.508993 0.469686 0
25 0.0124196 0.55406 0.43352 0
25 0.0569042 0.547918 0.395178 0
25 0.0517978 0.382576 0.565626 0
25 0.0197411 0.439508 0.54075 0
25 0.0531923 0.547915 0.398893 0
25 0.0125816 0.603305 0.384114 0
25 0.165193 0.249727 0.58204 0.00303963
25 0.0823375 0.365175 0.552488 0
25 0.0125923 0.654003 0.333404 0
25 0.0128986 0.58749 0.399611 0
25 0.0152177 0.482386 0.502396 0
25 0.0282146 0.716774 0.255011 0
25 0.0513633 0.505915 0.442722 0
25 0.00740988 0.578793 0.413798 0
25 0.0812751 0.467592 0.451133 0
25 0.0476422 0.426799 0.525559 0
25 0.019949 0.623712 0.356339 0
25 0.0638577 0.520243 0.415899 0
25 0.0667923 0.531776 0.401432 0
25 0.0123085 0.503036 0.484656 0
25 0.0195375 0.532119 0.448344 0
25 0.0292319 0.583729 0.387039 0
25 0.0178011 0.555566 0.426633 0
25 0.0368633 0.620482 0.342655 0
25 0.0494973 0.616333 0.33417 0
25 0.0175296 0.544081 0.438389 0
25 0.0185671 0.59297 0.350284 0.0381792
25 0.0636031 0.530562 0.405834 0
25 0.0430392 0.552273 0.404688 0
25 0.0121637 0.45329 0.534547 0
25 0.0898443 0.431403 0.478753 0
25 0.108956 0.440757 0.450287 0
25 0.0236097 0.594167 0.382223 0
25 0.0584046 0.577301 0.364294 0
25 0.0296327 0.535129 0.435238 0
25 0.0201519 0.468387 0.511461 0
25 0.0166576 0.497335 0.486007 0
25 0.0613594 0.545636 0.393005 0
25 0.00480239 0.670485 0.324713 0
25 0.133409 0.397681 0.46891 0
25 0.0486644 0.429541 0.521794 0
25 0.0121323 0.635354 0.352514 0
25 0.0389636 0.487797 0.47324 0
25 0.0355735 0.609086 0.35534 0
