30 0.0877664 0.437502 0.474732 0
30 0.131262 0.421242 0.447496 0
30 0.182873 0.429799 0.387328 0
30 0.120646 0.40178 0.477574 0
30 0.0992991 0.403183 0.497518 0
30 0.153646 0.421999 0.424355 0
30 0.129388 0.288388 0.582224 0
30 0.0858855 0.456805 0.457309 0
30 0.0813733 0.396874 0.521753 0
30 0.102185 0.395743 0.502071 0
30 0.174664 0.226192 0.599144 0
30 0.109244 0.420487 0.470269 0
30 0.133195 0.317911 0.498472 0.0504229
30 0.1194 0.274549 0.52176 0.0842912
30 0.0930585 0.293378 0.613563 0
30 0.116155 0.378742 0.505103 0
30 0.176878 0.404977 0.418145 0
30 0.147995 0.276312 0.575693 0
30 0.106208 0.424431 0.469361 0
30 0.139416 0.284291 0.576292 0
30 0.112814 0.361105 0.526081 0
30 0.107896 0.3442 0.547903 0
30 0.256078 0.215225 0.528698 0
30 0.0478181 0.553411 0.398771 0
30 0.151794 0.393375 0.45483 0
30 0.120694 0.260916 0.618391 0
30 0.118998 0.498991 0.382011 0
30 0.155883 0.302029 0.542088 0
30 0.163877 0.355075 0.481048 0
30 0.113823 0.371236 0.514941 0
30 0.140512 0.413401 0.446087 0
30 0.228635 0.253444 0.517921 0
30 0.0906146 0.480004 0.429381 0
30 0.100502 0.343664 0.555834 0
30 0.133044 0.24713 0.619826 0
30 0.117967 0.412673 0.46936 0
30 0.0985332 0.518767 0.3827 0
30 0.045507 0.486964 0.467529 0
30 0.112812 0.407426 0.479762 0
30 0.113111 0.466549 0.42034 0
30 0.225153 0.262332 0.512515 0
30 0.124514 0.380341 0.495146 0
30 0.0717203 0.501244 0.427036 0
30 0.18377 0.318092 0.498139 0
30 0.105575 0.303998 0.590427 0
30 0.0830459 0.339069 0.577885 0
30 0.0858667 0.442766 0.471368 0
30 0.0817652 0.506708 0.411526 0
30 0.177879 0.349705 0.472416 0
30 0.220139 0.229132 0.550729 0
30 0.178743 0.403437 0.41782 0
30 0.12583 0.396307 0.477863 0
30 0.0942441 0.504768 0.400988 0
30 0.146917 0.207485 0.645598 0
30 0.170596 0.457243 0.372161 0
30 0.22677 0.2591 0.51413 0
30 0.0749409 0.602819 0.32224 0
30 0.236655 0.244069 0.519276 0
30 0.0875985 0.37686 0.535541 0
30 0.0929047 0.523041 0.384054 0
30 0.18144 0.272819 0.54574 0
30 0.119192 0.381557 0.499251 0
30 0.175268 0.274733 0.549999 0
30 0.114473 0.407691 0.477836 0
30 0.10795 0.404012 0.488038 0
30 0.075454 0.503125 0.421421 0
30 0.0962614 0.486819 0.416919 0
30 0.108146 0.187367 0.480853 0.223635
30 0.215554 0.230447 0.553999 0
30 0.149801 0.253618 0.59658 0
30 0.0965427 0.45714 0.446317 0
30 0.136212 0.383061 0.480727 0
30 0.154636 0.421218 0.424146 0
30 0.095994 0.34044 0.563566 0
30 0.176334 0.312447 0.511219 0
30 0.108361 0.379417 0.512222 0
30 0.116094 0.447719 0.436187 0
30 0.106367 0.389246 0.504386 0
30 0.11018 0.279565 0.610254 0
30 0.102712 0.435987 0.4613 0
30 0.111439 0.41834 0.470221 0
30 0.115349 0.365525 0.519126 0
30 0.0531185 0.517783 0.429099 0
30 0.0910709 0.462518 0.446412 0
30 0.0854992 0.359776 0.524195 0.0305296
30 0.132042 0.406797 0.461161 0
30 0.174258 0.292861 0.53288 0
30 0.0696456 0.509567 0.420787 0
30 0.146626 0.28274 0.570634 0
30 0.260846 0.255097 0.484058 0
30 0.128629 0.345193 0.526178 0
30 0.0871054 0.461924 0.45097 0
30 0.167303 0.38593 0.446767 0
30 0.135791 0.220361 0.603337 0.0405108
30 0.143545 0.309607 0.546848 0
30 0.0799764 0.533897 0.386127 0
30 0.0617652 0.553391 0.384844 0
30 0.125325 0.344469 0.530206 0
30 0.196928 0.200575 0.602497 0
30 0.224847 0.269687 0.505466 0
