25 0.264351 0.432529 0.303119 0
25 0.42084 0.23391 0.34525 0
25 0.316749 0.345458 0.319161 0.0186316
25 0.336382 0.281387 0.382232 0
25 0.283527 0.459826 0.256647 0
25 0.351445 0.329491 0.319063 0
25 0.227134 0.502439 0.255823 0.0146039
25 0.316697 0.398237 0.285066 0
25 0.188749 0.617196 0.194055 0
25 0.347541 0.295346 0.357113 0
25 0.273 0.418541 0.308459 0
25 0.353669 0.329725 0.316606 0
25 0.410902 0.230834 0.358265 0
25 0.384933 0.26761 0.347456 0
25 0.382872 0.305702 0.311426 0
25 0.287692 0.428774 0.283534 0
25 0.357382 0.314697 0.327921 0
25 0.341453 0.299251 0.359297 0
25 0.359655 0.284881 0.355465 0
25 0.336849 0.345442 0.317708 0
25 0.343824 0.232094 0.424082 0
25 0.25613 0.44663 0.29724 0
25 0.225691 0.468384 0.305924 0
25 0.359245 0.250938 0.389817 0
25 0.406754 0.221891 0.371355 0
25 0.334696 0.332517 0.332786 0
25 0.427956 0.180666 0.391378 0
25 0.301061 0.339991 0.358948 0
25 0.307827 0.383145 0.309028 0
25 0.311098 0.359271 0.329631 0
25 0.275532 0.456029 0.26844 0
25 0.36001 0.29565 0.34434 0
25 0.262142 0.458661 0.279196 0
25 0.319337 0.335868 0.344795 0
25 0.31598 0.356115 0.327905 0
25 0.367281 0.280489 0.35223 0
25 0.262269 0.46429 0.273441 0
25 0.27197 0.409066 0.318963 0
25 0.251561 0.412543 0.319142 0.0167534
25 0.306201 0.379046 0.314753 0
25 0.295945 0.382296 0.321759 0
25 0.256053 0.436466 0.307481 0
25 0.379963 0.298036 0.322002 0
25 0.280717 0.393709 0.325574 0
25 0.372841 0.280152 0.347007 0
25 0.265541 0.415677 0.303782 0.0149999
25 0.345128 0.27096 0.383913 0
25 0.310488 0.324253 0.365259 0
25 0.298379 0.416511 0.28511 0
25 0.268384 0.457679 0.273937 0
25 0.317446 0.358145 0.324409 0
25 0.298058 0.405387 0.296555 0
25 0.306533 0.370678 0.322788 0
25 0.290322 0.402833 0.306845 0
25 0.353952 0.320247 0.325801 0
25 0.291581 0.347757 0.360662 0
25 0.296354 0.383746 0.319899 0
25 0.31889 0.354159 0.326951 0
25 0.21125 0.515727 0.273023 0
25 0.407699 0.197574 0.394727 0
25 0.447094 0.236799 0.316107 0
25 0.275001 0.431188 0.293811 0
25 0.325224 0.337109 0.337667 0
25 0.283305 0.393613 0.323082 0
25 0.37945 0.259938 0.360612 0
25 0.311199 0.357513 0.324296 0.00699144
25 0.390056 0.253543 0.356401 0
25 0.333536 0.289408 0.377056 0
25 0.33101 0.336847 0.332143 0
25 0.353343 0.226196 0.42046 0
25 0.28901 0.395595 0.311652 0.00374193
25 0.334758 0.314646 0.350596 0
25 0.338979 0.328461 0.33256 0
25 0.350889 0.340767 0.308345 0
25 0.236907 0.483156 0.279938 0
25 0.245638 0.482877 0.271485 0
25 0.311533 0.366262 0.322205 0
25 0.342054 0.291682 0.366264 0
25 0.258946 0.460187 0.280867 0
25 0.490306 0.127145 0.382548 0
25 0.428904 0.228853 0.342242 0
25 0.257704 0.472203 0.270093 0
25 0.326198 0.322038 0.351764 0
25 0.371922 0.27575 0.352328 0
25 0.416237 0.183964 0.399799 0
25 0.43226 0.176447 0.391293 0
25 0.27512 0.447444 0.277436 0
25 0.324233 0.363656 0.312111 0
25 0.328623 0.333385 0.337992 0
25 0.273599 0.447678 0.278723 0
25 0.324316 0.359764 0.31592 0
25 0.269873 0.456793 0.273335 0
25 0.261908 0.459026 0.279066 0
25 0.14284 0.642382 0.214778 0
25 0.324342 0.356044 0.319615 0
25 0.295692 0.385495 0.318813 0
25 0.301681 0.400975 0.297344 0
25 0.34966 0.26279 0.38755 0
25 0.285114 0.376128 0.32511 0.013648
25 0.389746 0.270231 0.340023 0
