15 0.152969 0.567357 0.279675 0
15 0.141447 0.589564 0.26899 0
15 0.101305 0.714918 0.183777 0
15 0.120427 0.680542 0.199031 0
15 0.109746 0.693979 0.196275 0
15 0.119055 0.67631 0.204636 0
15 0.104946 0.690062 0.204992 0
15 0.160377 0.580217 0.259406 0
15 0.22122 0.49084 0.287939 0
15 0.145718 0.600049 0.254233 0
15 0.123356 0.623206 0.240724 0.0127134
15 0.168659 0.545668 0.285673 0
15 0.168735 0.541493 0.289772 0
15 0.146665 0.610528 0.242807 0
15 0.125183 0.682348 0.192469 0
15 0.108464 0.684516 0.20702 0
15 0.167653 0.58326 0.249087 0
15 0.129872 0.605372 0.264756 0
15 0.118035 0.691937 0.190029 0
15 0.14199 0.604498 0.253512 0
15 0.0996952 0.660651 0.239654 0
15 0.130607 0.619221 0.250172 0
15 0.111081 0.675357 0.213562 0
15 0.165716 0.586118 0.248166 0
15 0.177077 0.584548 0.238375 0
15 0.125544 0.632059 0.242397 0
15 0.139262 0.598122 0.251838 0.0107779
15 0.163052 0.577603 0.259345 0
15 0.155841 0.605156 0.239003 0
15 0.17717 0.512371 0.310459 0
15 0.166152 0.559022 0.274826 0
15 0.104825 0.70202 0.193155 0
15 0.128603 0.625129 0.246268 0
15 0.230356 0.433037 0.336607 0
15 0.201479 0.47605 0.322471 0
15 0.174987 0.536009 0.289004 0
15 0.137379 0.616615 0.246006 0
15 0.179235 0.543348 0.277417 0
15 0.11745 0.642313 0.240237 0
15 0.191881 0.564859 0.24326 0
15 0.114101 0.668849 0.21705 0
15 0.19212 0.517519 0.290361 0
15 0.172874 0.541879 0.285248 0
15 0.140732 0.598982 0.260286 0
15 0.172889 0.550668 0.276442 0
15 0.14487 0.611618 0.232087 0.0114246
15 0.146053 0.599664 0.254283 0
15 0.181895 0.511036 0.307068 0
15 0.158114 0.568807 0.273079 0
15 0.172916 0.535295 0.291789 0
15 0.177193 0.516793 0.306015 0
15 0.188465 0.522645 0.28889 0
15 0.135665 0.610907 0.253428 0
15 0.159294 0.556053 0.284653 0
15 0.157404 0.556079 0.286517 0
15 0.131703 0.632423 0.235873 0
15 0.161726 0.55652 0.281754 0
15 0.15631 0.571722 0.271968 0
15 0.175897 0.528977 0.295126 0
15 0.201743 0.508371 0.289887 0
15 0.133341 0.642143 0.224516 0
15 0.153497 0.575238 0.271265 0
15 0.17276 0.540212 0.287028 0
15 0.140621 0.609721 0.249657 0
15 0.130899 0.621335 0.247767 0
15 0.123378 0.685358 0.190057 0.00120758
15 0.150734 0.565248 0.284018 0
15 0.172067 0.541289 0.286643 0
15 0.138736 0.584248 0.26464 0.0123761
15 0.114563 0.657042 0.228395 0
15 0.0952771 0.715117 0.189606 0
15 0.119619 0.670698 0.209683 0
15 0.144406 0.600871 0.254723 0
15 0.124362 0.645751 0.229886 0
15 0.134219 0.629376 0.236405 0
15 0.182055 0.571742 0.246203 0
15 0.119677 0.645876 0.234448 0
15 0.189923 0.524774 0.285303 0
15 0.141334 0.618961 0.239705 0
15 0.155138 0.586804 0.258058 0
15 0.149999 0.598452 0.251549 0
15 0.174779 0.561234 0.263986 0
15 0.162001 0.601647 0.236351 0
15 0.176525 0.52253 0.300945 0
15 0.144784 0.613995 0.241221 0
15 0.170295 0.559043 0.270662 0
15 0.145713 0.612209 0.242078 0
15 0.156679 0.58271 0.260611 0
15 0.177495 0.562176 0.260329 0
15 0.13848 0.61473 0.24679 0
15 0.149518 0.587032 0.26345 0
15 0.18135 0.542966 0.275685 0
15 0.13798 0.59559 0.26643 0
15 0.140707 0.630841 0.228452 0
15 0.239912 0.474717 0.285371 0
15 0.120817 0.683529 0.195654 0
15 0.17895 0.526461 0.294589 0
15 0.155019 0.569017 0.275964 0
15 0.117938 0.683214 0.198848 0
15 0.164624 0.55333 0.282046 0
