5 0.0278291 0.205774 0.764865 0.00153213
5 0.0353782 0.181178 0.781831 0.0016129
5 0.0385477 0.120875 0.834987 0.00559035
5 0.0325717 0.121064 0.845563 0.000800788
5 0.0389725 0.0930035 0.865296 0.00272754
5 0.0353964 0.0712121 0.89149 0.00190186
5 0.0349698 0.130741 0.826098 0.00819172
5 0.0307616 0.0890805 0.880153 4.7435e-06
5 0.0341214 0.108996 0.853413 0.00346934
5 0.0335508 0 0.966449 0
5 0.0310027 0.0725111 0.888731 0.00775523
5 0.0336335 0.0802443 0.886122 0
5 0.0379158 0.0551689 0.900787 0.00612849
5 0.0327825 0.121082 0.841473 0.0046618
5 0.042049 0.182888 0.77023 0.00483303
5 0.0334901 0.219246 0.747157 0.000107139
5 0.0307635 0.0436413 0.919487 0.00610772
5 0.0361331 0.0523447 0.911511 1.0691e-05
5 0.0380227 0.178078 0.782627 0.00127138
5 0.0344926 0.109476 0.85027 0.00576082
5 0.0347174 0.0455153 0.912825 0.00694251
5 0.0284865 0.0855768 0.880709 0.00522743
5 0.0265564 0.0996903 0.873495 0.000258116
5 0.0380434 0.181366 0.780538 5.28483e-05
5 0.0370112 0.123615 0.835846 0.00352848
5 0.0471801 0.0833348 0.863201 0.0062841
5 0.0434489 0.184021 0.766333 0.00619754
5 0.0343632 5.1158e-05 0.965482 0.00010389
5 0.0406983 0.125953 0.832556 0.000792617
5 0.0419432 0.0674534 0.883764 0.00683902
5 0.0407071 0.224403 0.731306 0.00358348
5 0.036346 0.0698827 0.887315 0.00645648
5 0.0267401 0 0.972047 0.00121297
5 0.0366521 0.160879 0.797408 0.00506169
5 0.0400797 0.07492 0.87836 0.0066405
5 0.0282633 0.113672 0.858065 0
5 0.0326475 0.287619 0.67957 0.000164005
5 0.0319206 0.218519 0.74956 0
5 0.0374998 0.199081 0.762559 0.000860271
5 0.0356685 0.121691 0.841644 0.000997222
5 0.0322357 0.0502298 0.910801 0.00673327
5 0.0370973 0.0852415 0.872315 0.00534658
5 0.0338795 0.0747065 0.885388 0.00602581
5 0.0470437 0.0717488 0.87686 0.00434745
5 0.0417173 0.0686739 0.883832 0.00577692
5 0.0343503 0.0900542 0.874261 0.00133475
5 0.034604 0.124828 0.834964 0.00560437
5 0.0364153 0.0401523 0.916613 0.00681971
5 0.0379886 0.0774131 0.877143 0.00745529
5 0.0253323 0.276331 0.696636 0.00170075
5 0.0450271 0.0937538 0.858958 0.00226096
5 0.035095 0.124443 0.834527 0.00593547
5 0.0400036 0.0640294 0.890358 0.00560881
5 0.0342012 0.144895 0.820904 0
5 0.0288831 0.0457879 0.925176 0.000152958
5 0.0385042 0.0840489 0.876173 0.00127363
5 0.0347827 0.0632912 0.897527 0.00439924
5 0.0222258 0.13378 0.843577 0.000416457
5 0.0427882 0.119891 0.834198 0.00312269
5 0.0361078 0.151988 0.811863 4.2143e-05
5 0.0316611 0.0499138 0.912242 0.00618311
5 0.0360479 0.193223 0.769326 0.00140259
5 0.037187 0.0396699 0.916683 0.00646037
5 0.0332666 0.0791111 0.881252 0.0063705
5 0.0396056 0.148327 0.806722 0.00534525
5 0.0288501 0.102438 0.862551 0.00616005
5 0.0354383 0.0499108 0.914238 0.000412464
5 0.034816 0.0879647 0.87576 0.00145954
5 0.0317683 0.250111 0.717789 0.000331211
5 0.0382517 0.0626091 0.892906 0.00623341
5 0.0405819 0.0687941 0.88859 0.00203354
5 0.0302782 0.0828199 0.886169 0.000732737
5 0.0400888 0.00905075 0.941379 0.00948108
5 0.0336701 0.0653569 0.899437 0.00153594
5 0.0349449 0.0843007 0.880708 4.61694e-05
5 0.0400077 0.135696 0.821829 0.00246721
5 0.0324978 0.16629 0.799743 0.0014683
5 0.0302407 0.105684 0.864075 0
5 0.0379681 0.0878798 0.868828 0.00532408
5 0.0327828 0.245113 0.721924 0.000180868
5 0.0405097 0.0618808 0.893313 0.00429598
5 0.0374059 0.0361143 0.919353 0.00712723
5 0.0296864 0.146443 0.82328 0.000590691
5 0.0396788 0.0782197 0.876962 0.0051395
5 0.0414935 0.121206 0.833087 0.00421307
5 0.032021 0.0477635 0.913303 0.00691219
5 0.0388794 0.120464 0.835138 0.00551833
5 0.035603 0.134092 0.819575 0.0107305
5 0.0372479 0.301491 0.659489 0.00177262
5 0.036638 0.176265 0.784792 0.00230454
5 0.0242927 0.239512 0.736195 0
5 0.0292895 0.116017 0.854629 6.43416e-05
5 0.0383258 0.0684382 0.892843 0.000392847
5 0.0419709 0.0892034 0.865435 0.00339061
5 0.0371111 0.181118 0.781655 0.000115413
5 0.0439627 0.0866174 0.867935 0.00148503
5 0.0300686 0.0727386 0.896417 0.000776185
5 0.0364854 0.0111351 0.950782 0.00159712
5 0.0336371 0.151399 0.814458 0.000506297
5 0.0417813 0.167782 0.783724 0.00671348
