25 0.125181 0.535618 0.339201 0
25 0.161275 0.507146 0.278618 0.0529606
25 0.160753 0.432063 0.407184 0
25 0.215995 0.37678 0.407225 0
25 0.153061 0.448454 0.398485 0
25 0.11599 0.576866 0.307144 0
25 0.133634 0.437775 0.428592 0
25 0.19888 0.367279 0.43384 0
25 0.266561 0.344862 0.388577 0
25 0.13678 0.50032 0.3629 0
25 0.244467 0.298478 0.438967 0.0180875
25 0.167813 0.490938 0.341249 0
25 0.113832 0.56257 0.323598 0
25 0.19588 0.39018 0.41394 0
25 0.276411 0.282975 0.440615 0
25 0.153181 0.473678 0.373142 0
25 0.225318 0.357368 0.417314 0
25 0.169971 0.458171 0.371858 0
25 0.176405 0.425132 0.398463 0
25 0.106064 0.580695 0.313241 0
25 0.129786 0.535928 0.334287 0
25 0.247959 0.281077 0.470965 0
25 0.174971 0.37531 0.449719 0
25 0.162853 0.464664 0.372483 0
25 0.192875 0.463292 0.343833 0
25 0.288179 0.296468 0.415353 0
25 0.148869 0.458492 0.392639 0
25 0.133655 0.467674 0.398671 0
25 0.16969 0.42258 0.40773 0
25 0.195222 0.422414 0.382363 0
25 0.187516 0.39492 0.417564 0
25 0.220084 0.311618 0.468298 0
25 0.145034 0.508347 0.346619 0
25 0.134525 0.515699 0.324628 0.0251485
25 0.142476 0.452106 0.405418 0
25 0.22554 0.406361 0.3681 0
25 0.155683 0.414066 0.430251 0
25 0.158212 0.455693 0.386095 0
25 0.232843 0.40841 0.358747 0
25 0.190728 0.337159 0.472113 0
25 0.152411 0.458425 0.389163 0
25 0.133181 0.523877 0.342942 0
25 0.154082 0.365357 0.480561 0
25 0.159297 0.501991 0.338712 0
25 0.119955 0.541419 0.326971 0.011655
25 0.274276 0.231675 0.49405 0
25 0.143274 0.540782 0.315944 0
25 0.214996 0.336849 0.448155 0
25 0.171915 0.5639 0.264185 0
25 0.157403 0.48794 0.354656 0
25 0.214927 0.437639 0.347434 0
25 0.132993 0.49622 0.370787 0
25 0.107981 0.546627 0.345392 0
25 0.197237 0.389476 0.413287 0
25 0.182207 0.460018 0.357775 0
25 0.162578 0.504678 0.332745 0
25 0.202689 0.383451 0.399518 0.014342
25 0.204157 0.365841 0.430002 0
25 0.163689 0.536812 0.299499 0
25 0.169687 0.43744 0.392873 0
25 0.133102 0.541175 0.325722 0
25 0.106569 0.561331 0.3321 0
25 0.138392 0.484082 0.345841 0.0316842
25 0.238882 0.28757 0.473549 0
25 0.141551 0.460226 0.398224 0
25 0.133482 0.481449 0.385069 0
25 0.186368 0.406477 0.407156 0
25 0.150824 0.470375 0.378801 0
25 0.299651 0.229395 0.470953 0
25 0.282752 0.267186 0.450062 0
25 0.182083 0.3664 0.451517 0
25 0.141149 0.470085 0.388766 0
25 0.142589 0.540596 0.316814 0
25 0.162276 0.49505 0.342674 0
25 0.133343 0.525869 0.340788 0
25 0.225561 0.271501 0.502938 0
25 0.157762 0.41444 0.427798 0
25 0.127899 0.484395 0.387706 0
25 0.197845 0.396876 0.405279 0
25 0.184017 0.432987 0.382997 0
25 0.186042 0.467187 0.346771 0
25 0.236645 0.329085 0.43427 0
25 0.138876 0.494069 0.367055 0
25 0.187306 0.448215 0.364479 0
25 0.190489 0.451892 0.357619 0
25 0.187423 0.405934 0.406643 0
25 0.12455 0.533538 0.341912 0
25 0.214753 0.397952 0.387295 0
25 0.195385 0.375474 0.42914 0
25 0.154198 0.49447 0.351332 0
25 0.127331 0.516746 0.355924 0
25 0.106379 0.54293 0.350691 0
25 0.14106 0.509116 0.349824 0
25 0.185051 0.406465 0.408484 0
25 0.144529 0.502614 0.352857 0
25 0.140539 0.547492 0.311969 0
25 0.102394 0.527793 0.369813 0
25 0.104953 0.598048 0.296999 0
25 0.139652 0.534383 0.325965 0
25 0.109038 0.547056 0.343905 0
