30 0.185883 0.434456 0.379661 0
30 0.300011 0.27106 0.428929 0
30 0.296201 0.249917 0.453882 0
30 0.286216 0.286206 0.427578 0
30 0.410362 0.15061 0.439027 0
30 0.263478 0.292598 0.443924 0
30 0.250502 0.277704 0.471794 0
30 0.317125 0.28639 0.396486 0
30 0.228697 0.3744 0.396903 0
30 0.214059 0.409263 0.376677 0
30 0.240538 0.415682 0.34378 0
30 0.275737 0.272219 0.452044 0
30 0.188871 0.45261 0.358519 0
30 0.344688 0.158996 0.496316 0
30 0.17194 0.470923 0.357137 0
30 0.290104 0.318458 0.391438 0
30 0.208236 0.437837 0.353927 0
30 0.195369 0.421785 0.382847 0
30 0.199459 0.376898 0.423643 0
30 0.299021 0.252881 0.448098 0
30 0.276993 0.27336 0.449646 0
30 0.231151 0.433575 0.335273 0
30 0.33307 0.162829 0.504101 0
30 0.183712 0.471278 0.345011 0
30 0.215616 0.354617 0.429767 0
30 0.29742 0.250531 0.452049 0
30 0.233435 0.380611 0.385954 0
30 0.370761 0.24003 0.38921 0
30 0.275375 0.283895 0.44073 0
30 0.279508 0.246841 0.473651 0
30 0.270724 0.339203 0.390073 0
30 0.259692 0.307143 0.433165 0
30 0.281803 0.244707 0.47349 0
30 0.367529 0.243285 0.389186 0
30 0.217321 0.388115 0.394564 0
30 0.267982 0.317248 0.41477 0
30 0.327489 0.237668 0.434843 0
30 0.278933 0.184033 0.537034 0
30 0.30132 0.222189 0.476492 0
30 0.321784 0.224747 0.453469 0
30 0.258202 0.362661 0.379136 0
30 0.155538 0.405516 0.438946 0
30 0.318374 0.154276 0.52735 0
30 0.218507 0.345822 0.435672 0
30 0.377007 0.0734861 0.549507 0
30 0.277766 0.290856 0.431378 0
30 0.272269 0.341937 0.385794 0
30 0.238149 0.284319 0.477533 0
30 0.271178 0.34925 0.379572 0
30 0.263243 0.389825 0.346932 0
30 0.313175 0.228117 0.458709 0
30 0.151184 0.578371 0.270445 0
30 0.261277 0.376604 0.362119 0
30 0.232801 0.417153 0.350045 0
30 0.25564 0.26273 0.481629 0
30 0.31657 0.17259 0.51084 0
30 0.212685 0.428439 0.358875 0
30 0.271094 0.301943 0.426963 0
30 0.245345 0.403844 0.350811 0
30 0.163045 0.521412 0.315544 0
30 0.391091 0.145445 0.463464 0
30 0.28772 0.282293 0.429987 0
30 0.225281 0.34011 0.434609 0
30 0.242084 0.301364 0.392531 0.0640218
30 0.258152 0.325971 0.415876 0
30 0.207434 0.433531 0.359035 0
30 0.192182 0.364024 0.395754 0.0480394
30 0.186188 0.398662 0.41515 0
30 0.233145 0.310297 0.456558 0
30 0.363446 0.147227 0.489327 0
30 0.288269 0.275823 0.435908 0
30 0.218145 0.419772 0.362083 0
30 0.379296 0.194875 0.425829 0
30 0.255042 0.22645 0.518508 0
30 0.262545 0.298717 0.438738 0
30 0.181789 0.505563 0.312649 0
30 0.220873 0.395144 0.383983 0
30 0.334277 0.226626 0.439097 0
30 0.368701 0.246714 0.384585 0
30 0.195482 0.399454 0.405064 0
30 0.255237 0.310783 0.43398 0
30 0.191256 0.427768 0.380976 0
30 0.363663 0.175446 0.460892 0
30 0.259856 0.348394 0.39175 0
30 0.359077 0.0913116 0.549611 0
30 0.322585 0.121234 0.556181 0
30 0.335688 0.216719 0.447592 0
30 0.174958 0.465195 0.359847 0
30 0.411927 0.087655 0.500418 0
30 0.236901 0.380865 0.382234 0
30 0.218535 0.423238 0.358227 0
30 0.20831 0.411875 0.379815 0
30 0.303937 0.255157 0.440906 0
30 0.297323 0.26796 0.434717 0
30 0.352183 0.212765 0.435052 0
30 0.196472 0.353866 0.449662 0
30 0.358978 0.16096 0.480061 0
30 0.283457 0.286819 0.429725 0
30 0.285243 0.279018 0.435739 0
30 0.28854 0.265611 0.445849 0
