15 0.0292984 0.330203 0.640499 0
15 0.0763141 0.363889 0.559796 0
15 0.0489689 0.28047 0.670561 0
15 0.0300603 0.238536 0.731404 0
15 0.037032 0.275163 0.687805 0
15 0.0820069 0.289817 0.628176 0
15 0.0470422 0.273648 0.679309 0
15 0.159777 0.315614 0.524609 0
15 0.0365001 0.238025 0.725475 0
15 0.0263779 0.334365 0.639258 0
15 0.0331392 0.236469 0.730392 0
15 0.0592604 0.121417 0.819323 0
15 0.0653789 0.218628 0.715994 0
15 0.045791 0.244344 0.709865 0
15 0.128541 0.249521 0.621939 0
15 0.0360817 0.384769 0.579149 0
15 0.0615535 0.202736 0.735711 0
15 0.146277 0.236252 0.532248 0.0852233
15 0.176052 0.238456 0.585491 0
15 0.0510529 0.244228 0.704719 0
15 0.0335299 0.11383 0.555087 0.297553
15 0.427477 0.10414 0.468383 0
15 0.0378756 0.184092 0.778032 0
15 0.0447373 0.213113 0.74215 0
15 0.0303684 0.255603 0.63413 0.0798982
15 0.0815006 0.347474 0.571025 0
15 0.0474618 0.168304 0.597854 0.186381
15 0.0322282 0.249098 0.718674 0
15 0.0267271 0.223248 0.750024 0
15 0.0552486 0.285214 0.659537 0
15 0.107705 0.328298 0.563996 0
15 0.0976558 0.277525 0.624819 0
15 0.0505943 0.219837 0.729569 0
15 0.126811 0.284295 0.588894 0
15 0.149595 0.206232 0.644173 0
15 0.369233 0.133746 0.497021 0
15 0.0562335 0.247075 0.696691 0
15 0.0518898 0.29603 0.65208 0
15 0.0578925 0.376133 0.565974 0
15 0.0888569 0.20831 0.702833 0
15 0.0561272 0.235208 0.708665 0
15 0.0213762 0.289131 0.689493 0
15 0.22661 0.228452 0.544938 0
15 0.0513108 0.199234 0.749455 0
15 0.0905647 0.29921 0.610225 0
15 0.0317227 0.307491 0.660787 0
15 0.255279 0.205445 0.539276 0
15 0.0937118 0.200211 0.706077 0
15 0.0792561 0.181353 0.739391 0
15 0.0260841 0.270656 0.70326 0
15 0.140452 0.283211 0.576337 0
15 0.0399728 0.217719 0.535216 0.207093
15 0.0421221 0.254961 0.702917 0
15 0.0899332 0.318197 0.59187 0
15 0.052848 0.335526 0.611626 0
15 0.355316 0.192508 0.452177 0
15 0.361466 0.0948538 0.542775 0.000905723
15 0.0502939 0.202311 0.747395 0
15 0.0518661 0.25047 0.697664 0
15 0.0475413 0.23689 0.715568 0
15 0.0509052 0.231376 0.717719 0
15 0.0574793 0.191319 0.751202 0
15 0.044296 0.289334 0.66637 0
15 0.0640164 0.285554 0.650429 0
15 0.0299799 0.316631 0.653389 0
15 0.03606 0.258023 0.705917 0
15 0.0479303 0.24335 0.70872 0
15 0.0341726 0.204704 0.761124 0
15 0.0433306 0.219641 0.737028 0
15 0.255448 0.255547 0.489006 0
15 0.207532 0.258763 0.533704 0
15 0.0869998 0.301472 0.611528 0
15 0.0278493 0.273968 0.698183 0
15 0.0217261 0.260184 0.71809 0
15 0.180522 0.133507 0.68597 0
15 0.0598693 0.30438 0.63575 0
15 0.0695501 0.274011 0.656439 0
15 0.0956061 0.199611 0.704783 0
15 0.118845 0.324727 0.556428 0
15 0.0429821 0.237606 0.719412 0
15 0.0446767 0.225931 0.729393 0
15 0.0366976 0.2337 0.729603 0
15 0.0338155 0.247271 0.718914 0
15 0.0662181 0.251383 0.682399 0
15 0.0456186 0.325595 0.628787 0
15 0.0536034 0.210708 0.735688 0
15 0.0491578 0.311215 0.638209 0.00141844
15 0.0501292 0.235984 0.713887 0
15 0.104244 0.307376 0.58838 0
15 0.253777 0.099937 0.646286 0
15 0.05073 0.234619 0.714651 0
15 0.127227 0.224896 0.647877 0
15 0.0584485 0.178768 0.762784 0
15 0.0406555 0.249842 0.709502 0
15 0.0213169 0.197342 0.641979 0.139362
15 0.0649356 0.271645 0.663419 0
15 0.0255143 0.259639 0.714847 0
15 0.0299851 0.308849 0.661166 0
15 0.159174 0.251899 0.588927 0
15 0.119315 0.233374 0.647311 0
