5 0.0144967 0.254967 0.715406 0.0151303
5 0.0180259 0.146785 0.835069 0.000120425
5 0.026548 0.0829682 0.884554 0.00592939
5 0.0175779 0.118196 0.860156 0.00406985
5 0.0281054 0.0963433 0.869402 0.00614921
5 0.0199034 0.184525 0.787631 0.00794094
5 0.0156219 0.155163 0.825811 0.00340416
5 0.0168962 0.170753 0.81211 0.000240066
5 0.0274873 0.0637929 0.899443 0.00927676
5 0.0186707 0.0936889 0.881489 0.00615109
5 0.0218812 0.0818417 0.88891 0.00736674
5 0.0185588 0.209985 0.768196 0.00326016
5 0.0161698 0.0473447 0.934819 0.00166594
5 0.0189643 0.1516 0.820399 0.00903591
5 0.0160226 0.240067 0.743804 0.000106254
5 0.0194469 0.0563296 0.900715 0.0235082
5 0.0268712 0.114702 0.852165 0.00626199
5 0.0191284 0.172761 0.807512 0.000597993
5 0.0285099 0.15269 0.816007 0.00279332
5 0.0218066 0.0945927 0.87348 0.0101209
5 0.0168332 0.134282 0.847405 0.00147985
5 0.0161964 0.144462 0.837397 0.0019446
5 0.0230928 0.0924479 0.878015 0.00644422
5 0.0185234 0.117468 0.864007 1.07022e-06
5 0.02445 0.13226 0.835818 0.0074719
5 0.0285409 0.0965512 0.864817 0.0100913
5 0.0266726 0.169849 0.803392 8.673e-05
5 0.0158906 0.042027 0.934738 0.00734451
5 0.0282099 0.0861564 0.878952 0.00668173
5 0.0184193 0.0790434 0.89481 0.00772739
5 0.0167151 0.0800891 0.89459 0.00860592
5 0.0223089 0.106718 0.870562 0.000410621
5 0.0189 0.0821089 0.89268 0.0063113
5 0.0237539 0.0977338 0.878243 0.000269093
5 0.016387 0.181332 0.784632 0.0176495
5 0.0269886 0.080922 0.884709 0.00738051
5 0.0123944 0.0907024 0.896903 0
5 0.0202722 0.0301162 0.939852 0.00975932
5 0.00795708 0.211306 0.780218 0.000518265
5 0.025172 0.0611122 0.912169 0.00154724
5 0.0238013 0.163631 0.809004 0.00356385
5 0.0234796 0.116674 0.855959 0.003888
5 0.0145224 0.146986 0.829423 0.00906853
5 0.0159257 0.179879 0.803905 0.000289978
5 0.0147428 0.0570681 0.927483 0.000706189
5 0.0170033 0.0906258 0.884761 0.00761003
5 0.0290029 0.0680008 0.898986 0.00401046
5 0.0305739 0.117239 0.836235 0.0159519
5 0.0224892 0.183922 0.784684 0.00890456
5 0.0215054 0.0917247 0.88522 0.0015502
5 0.0231201 0.0755798 0.886872 0.0144278
5 0.019436 0.0940569 0.881666 0.00484151
5 0.0142915 0.122942 0.853871 0.00889515
5 0.0175055 0.0885625 0.886236 0.00769635
5 0.0253192 0.0308135 0.938019 0.00584814
5 0.0275713 0.0389889 0.928552 0.00488789
5 0.0237312 0.0785841 0.89036 0.00732443
5 0.0192087 0.231204 0.746883 0.00270473
5 0.0118934 0.0915474 0.889075 0.00748391
5 0.02293 0.132544 0.840438 0.00408799
5 0.0320279 0.101133 0.861234 0.00560467
5 0.0126109 0.0684445 0.916969 0.00197541
5 0.0170012 0.0861072 0.880231 0.0166604
5 0.0262653 0.134552 0.834289 0.00489356
5 0.0156121 0.0479661 0.93479 0.00163164
5 0.0145306 0.169094 0.80642 0.00995622
5 0.0213061 0.155849 0.822721 0.000123703
5 0.0205987 0.101245 0.86301 0.0151458
5 0.0250947 0.0609711 0.911512 0.0024225
5 0.0162434 0.0441874 0.938768 0.000800743
5 0.0223397 0.118196 0.851813 0.00765103
5 0.02303 0.100338 0.871049 0.00558306
5 0.0217414 0.145166 0.823747 0.00934534
5 0.024339 0.0662408 0.907619 0.00180071
5 0.02436 0.0614557 0.905929 0.00825527
5 0.0202862 0.0426464 0.9308 0.00626688
5 0.0347983 0.0806554 0.880512 0.00403466
5 0.0258927 0.0903308 0.881201 0.00257529
5 0.0202947 0.0705161 0.908416 0.000773443
5 0.0171883 0.203843 0.776196 0.0027724
5 0.0231405 0.0596881 0.906989 0.0101827
5 0.0183233 0.044335 0.937022 0.000319931
5 0.0214591 0.077976 0.898195 0.00236944
5 0.0302912 0.196257 0.772605 0.000846866
5 0.0265353 0.140153 0.831723 0.00158851
5 0.0181172 0.140335 0.83343 0.00811745
5 0.0245299 0.139493 0.834282 0.00169545
5 0.0209448 0.0751784 0.900429 0.00344768
5 0.0119755 0.0443027 0.938454 0.0052683
5 0.0316247 0.186529 0.760433 0.0214139
5 0.0294686 0.0609543 0.894632 0.0149451
5 0.0136033 0.112183 0.873942 0.000272571
5 0.0151012 0.213461 0.76801 0.00342759
5 0.026975 0.114665 0.858254 0.000106026
5 0.0249178 0.104309 0.8532 0.0175735
5 0.0284493 0.126098 0.845106 0.000346803
5 0.0170157 0.109618 0.870996 0.00236962
5 0.0237501 0.0836534 0.885496 0.00710043
5 0.0284255 0.138886 0.830514 0.00217408
5 0.0142288 0.130802 0.844391 0.0105776
