30 0.131159 0.448871 0.378786 0.0411842
30 0.200834 0.289981 0.502654 0.00653051
30 0.178286 0.172815 0.331981 0.316917
30 0.170136 0.367894 0.432205 0.0297657
30 0.222602 0.246823 0.498342 0.0322335
30 0.214955 0.131361 0.409747 0.243938
30 0.267942 0.227059 0.450336 0.054663
30 0.179096 0.354918 0.46584 0.000146193
30 0.247087 0.228186 0.509496 0.0152306
30 0.236604 0.0731457 0.49985 0.1904
30 0.209636 0.242228 0.440089 0.108048
30 0.19127 0.298458 0.510272 0
30 0.225244 0.20534 0.515182 0.0542336
30 0.189071 0.190591 0.548888 0.0714506
30 0.151023 0.234007 0.412895 0.202075
30 0.166184 0.178717 0.480491 0.174609
30 0.275041 0.156119 0.512305 0.0565352
30 0.26258 0.177724 0.495409 0.0642863
30 0.268232 0.144585 0.515464 0.0717192
30 0.229794 0.256155 0.504929 0.00912256
30 0.172175 0.241704 0.416533 0.169587
30 0.254538 0.195444 0.486523 0.0634953
30 0.291381 0.0504783 0.546193 0.111948
30 0.16138 0.183637 0.54111 0.113873
30 0.206507 0.269989 0.34581 0.177694
30 0.203577 0.282191 0.443969 0.0702629
30 0.141269 0.383064 0.369572 0.106094
30 0.286772 0.205913 0.458599 0.0487169
30 0.177669 0.237562 0.440363 0.144406
30 0.209996 0.220917 0.458874 0.110213
30 0.209796 0.194865 0.47883 0.116509
30 0.214654 0.107745 0.499021 0.178581
30 0.15712 0.355038 0.47694 0.0109017
30 0.26454 0.194413 0.460174 0.0808732
30 0.211028 0.232377 0.414298 0.142297
30 0.180299 0.32362 0.376226 0.119855
30 0.154399 0.368418 0.477182 0
30 0.217446 0.318577 0.442461 0.021516
30 0.191491 0.283057 0.486758 0.0386941
30 0.209631 0.339735 0.448257 0.00237589
30 0.219969 0.148117 0.444376 0.187538
30 0.233555 0.282804 0.473148 0.0104939
30 0.234549 0.233012 0.446405 0.0860343
30 0.325206 0.162255 0.482588 0.029952
30 0.247605 0.213356 0.491056 0.0479835
30 0.159175 0.370456 0.391091 0.0792778
30 0.293504 0.175111 0.528637 0.00274753
30 0.14944 0.340875 0.423216 0.0864693
30 0.378298 0.0617004 0.40625 0.153751
30 0.182322 0.351344 0.443762 0.022573
30 0.194436 0.331447 0.400897 0.0732201
30 0.157897 0.289267 0.35367 0.199166
30 0.363658 0.119698 0.505126 0.0115181
30 0.243641 0.103698 0.458792 0.19387
30 0.214722 0.212556 0.435498 0.137224
30 0.249312 0.169187 0.505438 0.0760629
30 0.165107 0.322841 0.447142 0.0649102
30 0.198072 0.287306 0.505098 0.00952427
30 0.263654 0.167874 0.496599 0.0718731
30 0.165244 0.156864 0.435106 0.242787
30 0.306743 0.093249 0.403686 0.196322
30 0.179565 0.299302 0.506495 0.0146374
30 0.204037 0.279359 0.418267 0.0983373
30 0.142281 0.359888 0.327473 0.170358
30 0.22082 0.17951 0.46731 0.13236
30 0.169463 0.23739 0.484134 0.109013
30 0.203334 0.221518 0.414531 0.160617
30 0.255193 0.211606 0.50276 0.0304404
30 0.189782 0.189647 0.552413 0.0681587
30 0.197306 0.220707 0.424396 0.157592
30 0.244119 0.163524 0.466074 0.126284
30 0.279599 0.145786 0.572017 0.00259756
30 0.231819 0.228409 0.506418 0.0333541
30 0.154222 0.362224 0.404051 0.079503
30 0.193633 0.258245 0.506367 0.0417555
30 0.229237 0.129881 0.409605 0.231277
30 0.19807 0.241395 0.468187 0.0923474
30 0.251771 0.212875 0.483363 0.0519913
30 0.211484 0.195911 0.479119 0.113486
30 0.288407 0.159985 0.444094 0.107514
30 0.402472 0.0606853 0.527444 0.00939882
30 0.160924 0.159798 0.455215 0.224062
30 0.245312 0.219686 0.396451 0.13855
30 0.247994 0.151105 0.508467 0.0924344
30 0.221535 0.230448 0.516671 0.0313463
30 0.140471 0.376517 0.470726 0.012286
30 0.151987 0.354602 0.453984 0.0394282
30 0.221826 0.177195 0.376901 0.224079
30 0.259305 0.177853 0.526546 0.0362959
30 0.250121 0.21766 0.500866 0.0313535
30 0.276507 0.174547 0.50256 0.0463866
30 0.240285 0.238723 0.499077 0.0219151
30 0.213287 0.131406 0.473525 0.181782
30 0.204193 0.118452 0.329592 0.347763
30 0.170987 0.242359 0.310494 0.276159
30 0.30993 0.0674229 0.509326 0.113322
30 0.211837 0.235579 0.515944 0.0366405
30 0.357161 0.0721435 0.464841 0.105855
30 0.216663 0.200818 0.450793 0.131726
30 0.344524 0.193 0.446301 0.0161757
