15 0.0276749 0.680642 0.291684 0
15 0.0179389 0.73833 0.227576 0.0161553
15 0.0438904 0.655675 0.300435 0
15 0.0357015 0.711617 0.252682 0
15 0.0392062 0.630393 0.330401 0
15 0.0260008 0.724821 0.249178 0
15 0.0407285 0.598184 0.361088 0
15 0.021582 0.717514 0.260904 0
15 0.0414582 0.680791 0.27775 0
15 0.0354059 0.623428 0.341166 0
15 0.0363299 0.636453 0.327217 0
15 0.0413751 0.659475 0.29915 0
15 0.0341409 0.629077 0.336782 0
15 0.0239273 0.685268 0.272164 0.0186404
15 0.0238115 0.706374 0.269814 0
15 0.0256926 0.70007 0.274238 0
15 0.0426467 0.629672 0.327682 0
15 0.0272581 0.664954 0.291862 0.0159264
15 0.0226439 0.673806 0.30355 0
15 0.0285708 0.701359 0.27007 0
15 0.0320919 0.662957 0.304951 0
15 0.0431633 0.682496 0.27434 0
15 0.0263711 0.67315 0.300479 0
15 0.0304781 0.686892 0.28263 0
15 0.0497559 0.642083 0.308161 0
15 0.0266499 0.672412 0.300938 0
15 0.0414179 0.649203 0.309379 0
15 0.031663 0.628678 0.339659 0
15 0.0466962 0.5706 0.295419 0.0872856
15 0.018695 0.657541 0.323764 0
15 0.0268631 0.648132 0.325005 0
15 0.0436318 0.626526 0.329842 0
15 0.0356254 0.606726 0.336306 0.021343
15 0.0262094 0.687446 0.286344 0
15 0.034038 0.648231 0.317732 0
15 0.0373582 0.683886 0.278756 0
15 0.0310209 0.684324 0.284655 0
15 0.038222 0.690128 0.254731 0.0169186
15 0.0219085 0.72415 0.253941 0
15 0.0331777 0.59172 0.375102 0
15 0.0340035 0.686338 0.279658 0
15 0.0246486 0.71127 0.264081 0
15 0.0199034 0.747763 0.232334 0
15 0.0404252 0.678272 0.281303 0
15 0.0179031 0.767043 0.215054 0
15 0.0262362 0.711258 0.262506 0
15 0.0277958 0.651445 0.320759 0
15 0.0242389 0.704166 0.271596 0
15 0.0263558 0.696228 0.277416 0
15 0.0239654 0.731219 0.244816 0
15 0.019555 0.714361 0.266084 0
15 0.0254999 0.67431 0.300191 0
15 0.0281863 0.792509 0.179305 0
15 0.0188988 0.725268 0.255833 0
15 0.0205656 0.719959 0.259475 0
15 0.0170651 0.738903 0.244032 0
15 0.0317208 0.62663 0.34165 0
15 0.0386126 0.59536 0.32593 0.0400975
15 0.0340483 0.687567 0.278384 0
15 0.0509071 0.562942 0.386151 0
15 0.0286683 0.682026 0.289305 0
15 0.0340162 0.696629 0.269355 0
15 0.0256033 0.682002 0.292395 0
15 0.0284303 0.682959 0.28861 0
15 0.0384863 0.622146 0.315525 0.023843
15 0.0187995 0.691021 0.29018 0
15 0.0368026 0.671589 0.291608 0
15 0.0322197 0.654148 0.313632 0
15 0.0423623 0.621082 0.336556 0
15 0.0341368 0.596333 0.36953 0
15 0.0200389 0.740708 0.226679 0.0125744
15 0.0311001 0.675647 0.293253 0
15 0.0262576 0.709713 0.264029 0
15 0.0469592 0.693356 0.259685 0
15 0.0311725 0.657298 0.31153 0
15 0.0265967 0.678668 0.294735 0
15 0.0364382 0.570663 0.392899 0
15 0.0382002 0.632115 0.329685 0
15 0.0261643 0.655189 0.318646 0
15 0.0280838 0.665164 0.306752 0
15 0.0324997 0.636682 0.330818 0
15 0.0183201 0.68893 0.292749 0
15 0.0379927 0.704045 0.257962 0
15 0.0312023 0.638834 0.329964 0
15 0.0252501 0.664196 0.310554 0
15 0.0252846 0.716435 0.25828 0
15 0.0289318 0.658606 0.312462 0
15 0.0512753 0.723698 0.225027 0
15 0.0335018 0.706137 0.260361 0
15 0.0215839 0.748854 0.229562 0
15 0.0163238 0.763354 0.220322 0
15 0.0339207 0.632035 0.334045 0
15 0.0239779 0.623178 0.352844 0
15 0.0380379 0.675514 0.286448 0
15 0.0281169 0.670496 0.301387 0
15 0.030764 0.675723 0.293513 0
15 0.0362332 0.624767 0.320267 0.0187334
15 0.0423348 0.651343 0.306323 0
15 0.0486274 0.625801 0.325572 0
15 0.0269724 0.692173 0.280854 0
