20 0.0678844 0.203524 0.728592 0
20 0.0531744 0.165788 0.781038 0
20 0.0527122 0.173447 0.773841 0
20 0.0729508 0.124009 0.80304 0
20 0.125999 0.248883 0.625118 0
20 0.137684 0.211041 0.651275 0
20 0.232274 0.12683 0.640896 0
20 0.0749853 0.110342 0.814673 0
20 0.147294 0.185875 0.66683 0
20 0.0827541 0.126846 0.7904 0
20 0.148047 0.350858 0.501095 0
20 0.037081 0.100372 0.549494 0.313053
20 0.0899408 0.226364 0.683695 0
20 0.0835464 0.285686 0.630767 0
20 0.0237742 0.240677 0.632097 0.103452
20 0.0398341 0.263468 0.696698 0
20 0.0748442 0.269234 0.655922 0
20 0.037202 0.102791 0.674044 0.185963
20 0.0788652 0.235985 0.68515 0
20 0.261867 0.238717 0.499415 0
20 0.0419223 0.277345 0.680732 0
20 0.0449251 0.254937 0.700138 0
20 0.127182 0.260784 0.612034 0
20 0.0922662 0.169604 0.738129 0
20 0.147027 0.279516 0.573457 0
20 0.0862463 0.233037 0.680716 0
20 0.0498304 0.19956 0.750609 0
20 0.0408127 0.313524 0.64459 0.00107402
20 0.0295373 0.190217 0.605795 0.174451
20 0.0858461 0.332546 0.581607 0
20 0.217972 0.342465 0.439563 0
20 0.0719131 0.141916 0.786171 0
20 0.082751 0.130879 0.78637 0
20 0.162728 0.229097 0.608176 0
20 0.0620223 0.243421 0.694557 0
20 0.0528241 0.0986847 0.848491 0
20 0.469261 0.132967 0.397772 0
20 0.066663 0.263865 0.669472 0
20 0.0853643 0.266637 0.647998 0
20 0.11741 0.209449 0.673141 0
20 0.0834357 0.271646 0.644919 0
20 0.0648965 0.215625 0.719479 0
20 0.44516 0.10678 0.448059 0
20 0.23829 0.190305 0.571405 0
20 0.0856929 0.107658 0.806649 0
20 0.05351 0.293215 0.653275 0
20 0.128055 0.283842 0.588103 0
20 0.0932109 0.218086 0.688703 0
20 0.0718019 0.180124 0.748074 0
20 0.0592813 0.124929 0.815789 0
20 0.0536854 0.336209 0.610105 0
20 0.134972 0.271051 0.593977 0
20 0.0521488 0.284548 0.663303 0
20 0.0555382 0.231401 0.713061 0
20 0.0456306 0.251234 0.703136 0
20 0.0402126 0.283139 0.676648 0
20 0.0454442 0.188632 0.765924 0
20 0.195542 0.238168 0.56629 0
20 0.0653307 0.234907 0.699762 0
20 0.206804 0.229393 0.563803 0
20 0.0746505 0.284128 0.641221 0
20 0.0392325 0.270371 0.690396 0
20 0.152798 0.213278 0.633924 0
20 0.0907623 0.283887 0.625351 0
20 0.0740827 0.224109 0.701808 0
20 0.0633777 0.224546 0.712077 0
20 0.0782347 0.175813 0.745952 0
20 0.189374 0.289687 0.520939 0
20 0.0527335 0.302506 0.644761 0
20 0.319379 0.181973 0.498648 0
20 0.11772 0.24718 0.6351 0
20 0.552112 0.0675641 0.380323 0
20 0.10689 0.225789 0.667321 0
20 0.145571 0.295061 0.559367 0
20 0.121097 0.23365 0.645253 0
20 0.107219 0.259898 0.632883 0
20 0.058283 0.0999726 0.593481 0.248263
20 0.0423806 0.312827 0.644793 0
20 0.157881 0.236709 0.605411 0
20 0.314942 0.118047 0.567012 0
20 0.0955644 0.193468 0.710968 0
20 0.124386 0.208418 0.667195 0
20 0.0386634 0.347159 0.614177 0
20 0.131389 0.32505 0.543562 0
20 0.0920843 0.252453 0.655463 0
20 0.054985 0.202296 0.742719 0
20 0.0583942 0.122047 0.819559 0
20 0.115239 0.15628 0.62628 0.102202
20 0.0225392 0.338944 0.638516 0
20 0.0546768 0.287827 0.657497 0
20 0.502362 0.0578805 0.439757 0
20 0.114529 0.236249 0.643367 0.00585486
20 0.105828 0.0850026 0.80917 0
20 0.264312 0.215675 0.520013 0
20 0.130407 0.227123 0.64247 0
20 0.0563833 0.273571 0.670046 0
20 0.0447825 0.279363 0.675854 0
20 0.052616 0.145416 0.254348 0.547621
20 0.0504565 0.186842 0.762701 0
20 0.167385 0.246879 0.585736 0
