25 0.300216 0.384575 0.315209 0
25 0.209826 0.520048 0.258238 0.0118879
25 0.320188 0.382694 0.297119 0
25 0.494868 0.0859066 0.419225 0
25 0.246781 0.511044 0.242175 0
25 0.39063 0.301022 0.308348 0
25 0.296097 0.448904 0.254999 0
25 0.389641 0.267827 0.342532 0
25 0.330792 0.315639 0.353568 0
25 0.299691 0.392423 0.307886 0
25 0.384088 0.195811 0.420101 0
25 0.290573 0.39323 0.316197 0
25 0.378982 0.268302 0.352716 0
25 0.311595 0.349395 0.339011 0
25 0.218558 0.531619 0.249823 0
25 0.336875 0.318136 0.344988 0
25 0.282132 0.43962 0.278248 0
25 0.353962 0.283527 0.349567 0.0129443
25 0.2907 0.406166 0.303134 0
25 0.180746 0.530384 0.28887 0
25 0.275279 0.420459 0.304262 0
25 0.267373 0.443963 0.288664 0
25 0.280794 0.429616 0.28959 0
25 0.248394 0.502899 0.248707 0
25 0.268227 0.432493 0.288753 0.0105264
25 0.287027 0.411804 0.301169 0
25 0.26516 0.504303 0.230538 0
25 0.3336 0.338983 0.327417 0
25 0.287617 0.352098 0.360285 0
25 0.271732 0.449099 0.279169 0
25 0.285267 0.427774 0.286959 0
25 0.213883 0.520944 0.265173 0
25 0.440814 0.170808 0.388378 0
25 0.286426 0.400487 0.313087 0
25 0.292681 0.38997 0.317349 0
25 0.250478 0.48389 0.265632 0
25 0.259249 0.449502 0.291249 0
25 0.192679 0.565288 0.242033 0
25 0.344903 0.332701 0.322396 0
25 0.353468 0.298446 0.348085 0
25 0.269948 0.414176 0.315876 0
25 0.232748 0.512965 0.254288 0
25 0.301681 0.392377 0.305942 0
25 0.321229 0.335054 0.343716 0
25 0.325077 0.334555 0.340368 0
25 0.425119 0.255323 0.319559 0
25 0.413801 0.260679 0.32552 0
25 0.276952 0.458803 0.264245 0
25 0.360021 0.298831 0.341148 0
25 0.230989 0.471987 0.297024 0
25 0.269531 0.429098 0.301371 0
25 0.209321 0.53882 0.251859 0
25 0.413586 0.207536 0.378879 0
25 0.327759 0.338664 0.333577 0
25 0.295839 0.348637 0.355524 0
25 0.195832 0.571121 0.233046 0
25 0.292374 0.397287 0.310339 0
25 0.261351 0.402962 0.335688 0
25 0.277925 0.404037 0.318038 0
25 0.300758 0.390055 0.309187 0
25 0.30884 0.363092 0.328068 0
25 0.314066 0.383074 0.30286 0
25 0.347852 0.314256 0.337892 0
25 0.321836 0.381673 0.296491 0
25 0.338497 0.310267 0.351235 0
25 0.280839 0.438556 0.280605 0
25 0.343933 0.304044 0.352023 0
25 0.270463 0.463466 0.266071 0
25 0.252422 0.468937 0.278641 0
25 0.295766 0.38895 0.315284 0
25 0.283684 0.42521 0.291106 0
25 0.403832 0.221614 0.374555 0
25 0.305108 0.354502 0.34039 0
25 0.309111 0.394751 0.296138 0
25 0.312234 0.358275 0.329491 0
25 0.311429 0.352443 0.336128 0
25 0.403733 0.272992 0.323275 0
25 0.350717 0.338116 0.311167 0
25 0.307648 0.322476 0.35333 0.0165463
25 0.280843 0.409212 0.309945 0
25 0.344625 0.324162 0.331213 0
25 0.30229 0.303681 0.35336 0.0406692
25 0.35027 0.270972 0.378758 0
25 0.373172 0.28552 0.341308 0
25 0.201651 0.553557 0.244793 0
25 0.264833 0.451638 0.283529 0
25 0.268497 0.441778 0.289725 0
25 0.301188 0.365415 0.333396 0
25 0.313265 0.344292 0.342443 0
25 0.264578 0.414855 0.320567 0
25 0.322883 0.338247 0.33887 0
25 0.321841 0.3543 0.323859 0
25 0.3233 0.378647 0.298053 0
25 0.331386 0.367279 0.301335 0
25 0.342252 0.322109 0.335639 0
25 0.307746 0.410345 0.281908 0
25 0.349628 0.27496 0.375412 0
25 0.279833 0.39613 0.324037 0
25 0.281089 0.414441 0.30447 0
25 0.283073 0.400322 0.316606 0
