25 0.342971 0.0369206 0.613788 0.00632059
25 0.303494 0.0566113 0.639729 0.000165393
25 0.230682 0 0.768247 0.00107161
25 0.254589 0.0124756 0.728719 0.00421666
25 0.287797 0.0577926 0.654342 6.89192e-05
25 0.318975 0 0.677815 0.00320965
25 0.371746 0.0358643 0.58827 0.00412
25 0.311752 0.212503 0.475745 0
25 0.239944 0 0.760039 1.68349e-05
25 0.284096 0.0602592 0.654401 0.00124462
25 0.33439 0 0.662563 0.00304729
25 0.254577 0.157743 0.587015 0.000664704
25 0.314237 0.142616 0.54181 0.00133718
25 0.265998 0.191241 0.542328 0.000432758
25 0.394998 0.00110775 0.602644 0.0012496
25 0.309702 0.0236605 0.663615 0.00302186
25 0.298531 0.204728 0.487152 0.00958841
25 0.278205 0.0906573 0.630472 0.000665294
25 0.285516 0.0271285 0.683833 0.00352245
25 0.307247 0.0723328 0.601469 0.0189507
25 0.342901 0.108099 0.543997 0.00500186
25 0.281162 0.0751173 0.641351 0.00236933
25 0.25593 0 0.74407 0
25 0.271414 0.0698934 0.647098 0.0115953
25 0.263744 0.0806994 0.6548 0.000756686
25 0.318006 0.0895118 0.588236 0.00424618
25 0.255184 0.0287148 0.715098 0.00100361
25 0.254274 0.0835094 0.662216 0
25 0.277676 0.134443 0.584414 0.00346655
25 0.283495 0.107606 0.600027 0.00887143
25 0.318711 0 0.678625 0.00266401
25 0.29025 0.191552 0.515119 0.00307826
25 0.43039 0.0623148 0.505071 0.00222334
25 0.280337 0.0229942 0.696347 0.000321509
25 0.23903 0.0939256 0.665425 0.00161963
25 0.306753 0.00547329 0.686637 0.00113731
25 0.250592 0.106091 0.642916 0.000400942
25 0.271492 0.0691027 0.658993 0.000412544
25 0.274073 0 0.725894 3.24807e-05
25 0.271313 0.100566 0.627967 0.000154259
25 0.225807 0.107875 0.666318 0
25 0.352364 0.0112814 0.635138 0.00121641
25 0.354184 0.0446774 0.596658 0.00448142
25 0.259032 0.08955 0.650062 0.00135632
25 0.334821 0.00979707 0.651841 0.00354165
25 0.274739 0.00789164 0.716236 0.0011332
25 0.258447 0.102365 0.638075 0.00111216
25 0.284993 0.0168878 0.694776 0.00334291
25 0.284904 0.0169792 0.697787 0.000329614
25 0.316951 0.0845455 0.596398 0.00210584
25 0.267369 0.105226 0.626354 0.00105111
25 0.263017 0 0.736983 0
25 0.289145 0 0.709405 0.00144943
25 0.295403 0.16048 0.541998 0.00211814
25 0.297407 0.0438969 0.652147 0.006549
25 0.258314 0.000261582 0.738098 0.00332629
25 0.310875 0.0812399 0.597565 0.0103208
25 0.274099 0.0309183 0.694983 0
25 0.279037 0.188388 0.528725 0.00384991
25 0.369821 0.0131362 0.613117 0.00392525
25 0.289708 0.0971468 0.610351 0.00279395
25 0.321622 0.125414 0.552365 0.000598819
25 0.320585 0 0.679415 0
25 0.283566 0.00576915 0.710336 0.000328552
25 0.351794 0 0.645784 0.00242198
25 0.304893 0.100761 0.591019 0.00332687
25 0.321852 0 0.675992 0.00215672
25 0.292011 0 0.704637 0.00335222
25 0.246307 0.0679566 0.681698 0.00403815
25 0.236585 0.0379823 0.724241 0.00119191
25 0.315723 0.0728299 0.608332 0.0031147
25 0.285566 0.0499609 0.660031 0.00444282
25 0.281406 0.0649939 0.648975 0.00462477
25 0.258782 0 0.73603 0.0051881
25 0.290344 0.138581 0.570043 0.00103222
25 0.252701 0.0829106 0.657144 0.0072439
25 0.23475 0 0.76525 0
25 0.327487 0.198762 0.472243 0.0015077
25 0.506012 0 0.49167 0.00231746
25 0.251958 9.50653e-05 0.736828 0.0111187
25 0.27576 0.0212703 0.702206 0.000763815
25 0.290538 0.0763608 0.628337 0.00476347
25 0.376555 0 0.620529 0.00291637
25 0.311559 0.127136 0.557302 0.00400279
25 0.275589 0 0.723011 0.00140039
25 0.320165 0.048936 0.630078 0.000820777
25 0.284362 0 0.709815 0.00582312
25 0.319851 0.0299172 0.645923 0.00430837
25 0.323309 0.0226741 0.651604 0.00241272
25 0.342039 0.00166004 0.654407 0.0018938
25 0.267249 0.138733 0.592372 0.00164635
25 0.332578 0.00347072 0.66236 0.00159115
25 0.257902 0.145016 0.596462 0.000620364
25 0.319363 0 0.678691 0.00194595
25 0.306124 0.0471336 0.643732 0.00301032
25 0.325007 0.146862 0.525215 0.00291551
25 0.273916 0.0261128 0.699249 0.000722079
25 0.329829 0.0216724 0.648499 0
25 0.31481 0.0516205 0.631303 0.00226697
25 0.302598 0 0.695171 0.00223113
