15 0.106935 0.664033 0.225628 0.0034046
15 0.158707 0.589596 0.251697 0
15 0.110863 0.682019 0.207117 0
15 0.159298 0.570097 0.270605 0
15 0.122265 0.660956 0.216779 0
15 0.110951 0.651734 0.237315 0
15 0.122922 0.65998 0.217098 0
15 0.194239 0.483367 0.322394 0
15 0.115202 0.673253 0.211545 0
15 0.176428 0.526997 0.296575 0
15 0.133346 0.622579 0.244075 0
15 0.149682 0.631839 0.218479 0
15 0.182188 0.542973 0.274839 0
15 0.120229 0.642035 0.237736 0
15 0.186871 0.536022 0.277106 0
15 0.185261 0.521073 0.293666 0
15 0.147241 0.603806 0.248953 0
15 0.159799 0.589042 0.251159 0
15 0.144957 0.603009 0.252034 0
15 0.171418 0.541821 0.286762 0
15 0.158478 0.577109 0.264413 0
15 0.131099 0.609801 0.2591 0
15 0.147028 0.57441 0.268828 0.00973396
15 0.152398 0.598145 0.249458 0
15 0.151548 0.590857 0.257595 0
15 0.151815 0.596262 0.251923 0
15 0.160128 0.568171 0.271702 0
15 0.126057 0.629613 0.244331 0
15 0.0847155 0.715473 0.199812 0
15 0.179288 0.551735 0.268977 0
15 0.191006 0.50758 0.301414 0
15 0.181071 0.577192 0.241737 0
15 0.165879 0.562137 0.271984 0
15 0.101061 0.676259 0.222679 0
15 0.160037 0.620918 0.219044 0
15 0.144782 0.599526 0.255692 0
15 0.147157 0.605226 0.247617 0
15 0.178838 0.542987 0.278175 0
15 0.153922 0.569886 0.276193 0
15 0.211665 0.497258 0.291077 0
15 0.161724 0.577971 0.260305 0
15 0.183504 0.554917 0.26158 0
15 0.170562 0.541609 0.287829 0
15 0.129579 0.671206 0.199214 0
15 0.119222 0.682366 0.198411 0
15 0.169499 0.585548 0.244953 0
15 0.16995 0.549522 0.280527 0
15 0.122435 0.629417 0.248149 0
15 0.184902 0.516484 0.298614 0
15 0.100813 0.689777 0.20941 0
15 0.13024 0.633163 0.236597 0
15 0.166208 0.554196 0.279596 0
15 0.138419 0.621338 0.240243 0
15 0.189855 0.513312 0.296833 0
15 0.139996 0.61296 0.247044 0
15 0.149492 0.594966 0.255542 0
15 0.117339 0.645997 0.236664 0
15 0.162472 0.566701 0.270827 0
15 0.127228 0.608263 0.264509 0
15 0.154444 0.578192 0.267364 0
15 0.142283 0.604292 0.253425 0
15 0.115389 0.657331 0.22728 0
15 0.175561 0.579039 0.245399 0
15 0.12397 0.657972 0.218058 0
15 0.141272 0.637721 0.221007 0
15 0.155077 0.586369 0.258553 0
15 0.129512 0.646355 0.224133 0
15 0.127376 0.642996 0.226164 0.00346336
15 0.185489 0.552384 0.262128 0
15 0.151023 0.599769 0.249208 0
15 0.140328 0.62876 0.230912 0
15 0.17692 0.522479 0.3006 0
15 0.123216 0.630476 0.234965 0.0113432
15 0.117907 0.660011 0.222082 0
15 0.166484 0.576171 0.257345 0
15 0.119944 0.637917 0.242139 0
15 0.136895 0.600323 0.262783 0
15 0.203159 0.483077 0.313763 0
15 0.242037 0.454762 0.303201 0
15 0.136629 0.635637 0.227734 0
15 0.126862 0.647046 0.226092 0
15 0.125164 0.663636 0.2112 0
15 0.184586 0.52746 0.287953 0
15 0.163786 0.589187 0.247027 0
15 0.153767 0.559829 0.286404 0
15 0.147309 0.554591 0.2981 0
15 0.157609 0.572979 0.269412 0
15 0.171511 0.529844 0.298645 0
15 0.170706 0.530155 0.299139 0
15 0.120534 0.666026 0.21344 0
15 0.206474 0.487513 0.306013 0
15 0.160389 0.543296 0.289318 0.00699747
15 0.163018 0.558241 0.278741 0
15 0.138116 0.613594 0.24829 0
15 0.165857 0.559657 0.274486 0
15 0.143937 0.590769 0.256126 0.00916702
15 0.199479 0.473313 0.327208 0
15 0.147044 0.615524 0.237432 0
15 0.135627 0.614919 0.249454 0
15 0.170592 0.533339 0.296069 0
