10 0.0824452 0.687003 0.230552 0
10 0.108652 0.623233 0.268115 0
10 0.0724037 0.722705 0.204891 0
10 0.0851328 0.669508 0.245359 0
10 0.072494 0.745094 0.182413 0
10 0.0835494 0.72059 0.195861 0
10 0.0860879 0.704753 0.209159 0
10 0.0904951 0.677174 0.232331 0
10 0.124152 0.587233 0.288615 0
10 0.0637 0.708893 0.227407 0
10 0.104534 0.621374 0.274092 0
10 0.0949425 0.696085 0.208973 0
10 0.105485 0.642399 0.252115 0
10 0.0918641 0.652304 0.255832 0
10 0.0807049 0.687568 0.231727 0
10 0.117953 0.593262 0.288786 0
10 0.082293 0.704568 0.213139 0
10 0.0883359 0.690986 0.220678 0
10 0.0863236 0.695332 0.218345 0
10 0.0786881 0.705503 0.215809 0
10 0.0936257 0.684675 0.221699 0
10 0.104882 0.643699 0.251419 0
10 0.102146 0.666558 0.228281 0.00301486
10 0.0877985 0.652943 0.247853 0.0114052
10 0.106048 0.644316 0.249635 0
10 0.0928339 0.697923 0.209243 0
10 0.107344 0.642549 0.250108 0
10 0.122259 0.641023 0.236718 0
10 0.0788717 0.712055 0.209073 0
10 0.102538 0.655092 0.24237 0
10 0.0524216 0.774088 0.17349 0
10 0.0901387 0.683189 0.226673 0
10 0.0769951 0.706486 0.216519 0
10 0.0858738 0.676102 0.238025 0
10 0.104191 0.629767 0.254533 0.0115097
10 0.0964789 0.679002 0.224519 0
10 0.100854 0.660139 0.239006 0
10 0.0922063 0.642502 0.265292 0
10 0.0984039 0.649679 0.251917 0
10 0.0877929 0.675295 0.236912 0
10 0.0969776 0.664039 0.238984 0
10 0.101957 0.657006 0.241037 0
10 0.0825834 0.685467 0.23195 0
10 0.0960223 0.706786 0.197191 0
10 0.0871373 0.664945 0.247918 0
10 0.102416 0.647388 0.250196 0
10 0.0782033 0.685439 0.236357 0
10 0.0678423 0.741938 0.19022 0
10 0.0622313 0.749955 0.183857 0.0039566
10 0.0866796 0.679429 0.233892 0
10 0.0774157 0.693831 0.228753 0
10 0.0848228 0.710097 0.205081 0
10 0.110811 0.660868 0.228321 0
10 0.122457 0.615952 0.248264 0.0133273
10 0.100812 0.643784 0.255404 0
10 0.0954868 0.672117 0.232396 0
10 0.105627 0.669761 0.224612 0
10 0.11635 0.601959 0.281691 0
10 0.0834567 0.66752 0.249023 0
10 0.108936 0.710395 0.180669 0
10 0.0862548 0.693663 0.220082 0
10 0.0814003 0.67686 0.241739 0
10 0.0941536 0.674699 0.231147 0
10 0.141116 0.594267 0.264617 0
10 0.0980285 0.660532 0.241439 0
10 0.0827746 0.672266 0.244959 0
10 0.069756 0.714315 0.215929 0
10 0.0629728 0.744321 0.192706 0
10 0.0882527 0.706199 0.205548 0
10 0.0887179 0.66993 0.241352 0
10 0.0742989 0.701185 0.224516 0
10 0.0725402 0.712426 0.215034 0
10 0.0858041 0.677929 0.236267 0
10 0.142997 0.561812 0.280051 0.0151397
10 0.0946323 0.687367 0.218001 0
10 0.0750264 0.701443 0.22353 0
10 0.0679093 0.69892 0.23317 0
10 0.121231 0.616258 0.262511 0
10 0.0925143 0.656853 0.250633 0
10 0.0378377 0.794123 0.168039 0
10 0.0831346 0.675961 0.240905 0
10 0.0906688 0.677422 0.23191 0
10 0.100608 0.621234 0.278158 0
10 0.0835415 0.694647 0.221811 0
10 0.0669769 0.735666 0.197357 0
10 0.0789861 0.706161 0.214853 0
10 0.0841728 0.686007 0.22982 0
10 0.103477 0.664177 0.220805 0.0115404
10 0.0860064 0.715646 0.198348 0
10 0.0871845 0.669766 0.24305 0
10 0.0763984 0.698748 0.224854 0
10 0.079173 0.703198 0.217629 0
10 0.0665351 0.715898 0.217567 0
10 0.0801873 0.708352 0.21146 0
10 0.0915116 0.669871 0.232091 0.0065259
10 0.0978715 0.703247 0.198881 0
10 0.0747941 0.742104 0.183101 0
10 0.0980877 0.655662 0.24625 0
10 0.103771 0.652286 0.243942 0
10 0.0906711 0.695497 0.213832 0
