5 0.0339105 0.0779115 0.850321 0.0378572
5 0.0267569 0.110994 0.861434 0.000815031
5 0.0445307 0.146594 0.786071 0.0228035
5 0.0258447 0.368802 0.598423 0.00693015
5 0.0424699 0.0853391 0.855131 0.0170598
5 0.025191 0.260847 0.67767 0.0362924
5 0.0282223 0.103156 0.82813 0.040492
5 0.0334338 0.140742 0.812734 0.0130897
5 0.0375785 0.259481 0.697834 0.00510635
5 0.0333548 0.127831 0.835082 0.0037314
5 0.0304755 0.0731429 0.883532 0.0128496
5 0.0346585 0.203977 0.705032 0.0563323
5 0.0243749 0.113196 0.862139 0.000289904
5 0.0353941 0.0770144 0.866356 0.0212351
5 0.0217065 0.204567 0.758646 0.0150808
5 0.0382439 0.11407 0.844624 0.00306183
5 0.0401047 0.161858 0.794621 0.00341612
5 0.026292 0.116041 0.838874 0.0187932
5 0.0504911 0.125501 0.815604 0.00840393
5 0.0244413 0.140543 0.80633 0.0286854
5 0.0312938 0.105205 0.831877 0.0316249
5 0.0203481 0.072409 0.90434 0.00290311
5 0.0336068 0.149134 0.76486 0.0523997
5 0.0334783 0.140314 0.795653 0.030555
5 0.0364183 0.122987 0.79385 0.0467444
5 0.0375227 0.172086 0.772931 0.01746
5 0.0315033 0.123048 0.809863 0.0355857
5 0.0315093 0.225119 0.72086 0.0225117
5 0.0388353 0.140863 0.804258 0.016044
5 0.0337544 0.146554 0.815853 0.00383805
5 0.0396264 0.0581409 0.883102 0.0191309
5 0.0278388 0.106163 0.834255 0.0317428
5 0.0428038 0.147848 0.805299 0.00404904
5 0.0285718 0.291772 0.65603 0.0236263
5 0.0365258 0.158571 0.771393 0.0335103
5 0.0397871 0.195125 0.745542 0.0195462
5 0.0363681 0.151794 0.781855 0.0299826
5 0.0253932 0.13209 0.796308 0.0462097
5 0.0350257 0.0379598 0.914921 0.0120937
5 0.0328568 0.0567658 0.907802 0.00257526
5 0.0375815 0.0703896 0.884375 0.00765369
5 0.0337147 0.134783 0.81132 0.0201818
5 0.0459276 0.109291 0.828993 0.0157885
5 0.0175099 0.160681 0.79711 0.0246999
5 0.0334338 0.199019 0.749288 0.0182591
5 0.0309617 0.0866254 0.869813 0.0125999
5 0.0337103 0.07068 0.879533 0.0160766
5 0.0307199 0.279229 0.671607 0.0184439
5 0.0234179 0.0878593 0.87033 0.0183923
5 0.0311983 0.109798 0.841122 0.0178816
5 0.0304326 0.117674 0.845433 0.00646118
5 0.0355366 0.0714656 0.871201 0.021797
5 0.0356202 0.154134 0.792786 0.0174594
5 0.0366943 0.0417239 0.883303 0.0382784
5 0.0414865 0.0845356 0.85162 0.0223575
5 0.0383793 0.101979 0.797446 0.0621954
5 0.0422159 0.249915 0.689088 0.0187814
5 0.0371805 0.153763 0.737039 0.0720181
5 0.024803 0.244891 0.712755 0.0175518
5 0.0232993 0.206074 0.765536 0.00509108
5 0.0378909 0.133019 0.778389 0.0507011
5 0.0340692 0.094957 0.854665 0.016309
5 0.028927 0.174032 0.785484 0.0115567
5 0.0417513 0.164553 0.778459 0.0152366
5 0.0257824 0.158139 0.782163 0.0339153
5 0.0305287 0.158111 0.809513 0.00184756
5 0.0331728 0.241025 0.667185 0.0586178
5 0.0419886 0.11859 0.836066 0.00335567
5 0.0266392 0.157732 0.802832 0.0127964
5 0.0405342 0.112427 0.844325 0.00271443
5 0.0322679 0.211787 0.734902 0.0210427
5 0.0338813 0.0897958 0.862535 0.0137877
5 0.0227436 0.136643 0.816589 0.024025
5 0.0450439 0.195777 0.743971 0.0152076
5 0.0259384 0.294717 0.658953 0.0203916
5 0.0256743 0.250505 0.721935 0.00188586
5 0.0515575 0.0934661 0.835787 0.0191897
5 0.030064 0.0807744 0.886936 0.002226
5 0.0310537 0.125002 0.817732 0.026212
5 0.0315842 0.183743 0.752016 0.0326571
5 0.0456437 0.0608503 0.871851 0.0216546
5 0.0329715 0.246929 0.69458 0.025519
5 0.0225128 0.0393263 0.920856 0.0173049
5 0.0272788 0.157562 0.801275 0.0138847
5 0.0310886 0.112012 0.855257 0.00164289
5 0.0143529 0.115087 0.868064 0.00249691
5 0.0363636 0.14639 0.809704 0.007542
5 0.036476 0.0928381 0.857955 0.0127312
5 0.0213554 0.247961 0.703409 0.0272742
5 0.0345157 0.240907 0.7161 0.00847641
5 0.0233389 0.233714 0.727649 0.0152983
5 0.0274189 0.171884 0.784458 0.0162395
5 0.0323603 0.156447 0.772672 0.0385205
5 0.0453415 0.125591 0.812743 0.016325
5 0.0333582 0.0762525 0.885553 0.00483653
5 0.0256818 0.177113 0.793618 0.00358655
5 0.0333586 0.221732 0.721237 0.0236727
5 0.0482685 0.0608028 0.869779 0.0211494
5 0.0674279 0.0861969 0.831745 0.0146305
5 0.0354634 0.159838 0.785044 0.0196538
