10 0.0763255 0.726262 0.184748 0.0126641
10 0.085725 0.697941 0.20303 0.013304
10 0.101749 0.630765 0.267486 0
10 0.110134 0.661309 0.228557 0
10 0.0899646 0.658496 0.251539 0
10 0.0971726 0.645197 0.257631 0
10 0.0582983 0.739078 0.202624 0
10 0.0640624 0.727251 0.206947 0.00174006
10 0.0744299 0.71156 0.21401 0
10 0.0893216 0.697182 0.213496 0
10 0.076057 0.695319 0.228624 0
10 0.0850739 0.643557 0.271369 0
10 0.0947045 0.688357 0.216938 0
10 0.0683207 0.695778 0.235901 0
10 0.101434 0.66351 0.235056 0
10 0.072418 0.73628 0.191302 0
10 0.0796137 0.700319 0.220068 0
10 0.0736618 0.707841 0.218497 0
10 0.0695951 0.691202 0.239203 0
10 0.062825 0.75617 0.181005 0
10 0.0787227 0.708933 0.212344 0
10 0.10369 0.636976 0.259334 0
10 0.0962548 0.655838 0.247907 0
10 0.0869805 0.681934 0.231085 0
10 0.091372 0.671044 0.237584 0
10 0.0839007 0.646472 0.269627 0
10 0.111892 0.615763 0.272345 0
10 0.0710978 0.736744 0.192158 0
10 0.083166 0.709287 0.207547 0
10 0.0863068 0.686836 0.226857 0
10 0.0871487 0.683123 0.229728 0
10 0.0656009 0.745515 0.188884 0
10 0.099737 0.682716 0.217547 0
10 0.0931151 0.692404 0.214481 0
10 0.0910743 0.660959 0.247966 0
10 0.0817729 0.722653 0.188616 0.00695829
10 0.100242 0.663534 0.236225 0
10 0.0770688 0.713825 0.209106 0
10 0.0727382 0.723593 0.203669 0
10 0.100398 0.661861 0.237741 0
10 0.100082 0.658708 0.241211 0
10 0.103245 0.656552 0.240203 0
10 0.0798268 0.727908 0.192266 0
10 0.0901189 0.656143 0.253738 0
10 0.0837308 0.681577 0.234692 0
10 0.0986669 0.670332 0.231001 0
10 0.0888416 0.685602 0.225556 0
10 0.0908127 0.69264 0.216547 0
10 0.0884555 0.677082 0.234462 0
10 0.0930113 0.642473 0.264516 0
10 0.088954 0.678812 0.232234 0
10 0.0711059 0.72783 0.201064 0
10 0.0743507 0.713753 0.211896 0
10 0.0821514 0.66039 0.257459 0
10 0.0527749 0.764284 0.182941 0
10 0.0866064 0.687827 0.225566 0
10 0.096016 0.706475 0.197509 0
10 0.0896147 0.664129 0.246256 0
10 0.0976751 0.649032 0.253293 0
10 0.055669 0.770341 0.17399 0
10 0.100979 0.662185 0.236836 0
10 0.078111 0.696314 0.225575 0
10 0.101173 0.651447 0.24738 0
10 0.0752238 0.721006 0.20377 0
10 0.0482716 0.761796 0.189933 0
10 0.104347 0.630197 0.265456 0
10 0.0819495 0.687481 0.23057 0
10 0.0673324 0.730852 0.201815 0
10 0.0894807 0.683074 0.227446 0
10 0.0746116 0.750299 0.175089 0
10 0.0906345 0.644172 0.265193 0
10 0.118722 0.66971 0.211568 0
10 0.0833769 0.704609 0.212015 0
10 0.0949948 0.679393 0.212812 0.0128004
10 0.0744637 0.718163 0.207373 0
10 0.0721812 0.686133 0.241686 0
10 0.0839535 0.668543 0.247503 0
10 0.0909343 0.645593 0.263473 0
10 0.0669085 0.719115 0.213976 0
10 0.0965388 0.677976 0.225485 0
10 0.0866093 0.71319 0.200201 0
10 0.0607542 0.752083 0.187163 0
10 0.10012 0.70136 0.19852 0
10 0.0619346 0.751218 0.186847 0
10 0.112706 0.637972 0.249322 0
10 0.109579 0.640982 0.249439 0
10 0.0967387 0.662898 0.240363 0
10 0.089038 0.699377 0.211585 0
10 0.0733876 0.706137 0.220476 0
10 0.0677401 0.740301 0.191959 0
10 0.126204 0.612432 0.261363 0
10 0.0445227 0.769208 0.18627 0
10 0.111814 0.642021 0.246165 0
10 0.0935431 0.654427 0.246347 0.00568236
10 0.0772006 0.739889 0.18291 0
10 0.0901509 0.678464 0.231385 0
10 0.0849818 0.730827 0.184191 0
10 0.0839512 0.683583 0.232466 0
10 0.105411 0.618228 0.27636 0
10 0.0868852 0.695241 0.217873 0
