30 0.32783 0.380133 0.292037 0
30 0.458813 0.128202 0.412985 0
30 0.357908 0.331456 0.310636 0
30 0.459176 0.174984 0.365841 0
30 0.345495 0.355963 0.298542 0
30 0.311785 0.349972 0.338243 0
30 0.418401 0.215916 0.365683 0
30 0.423534 0.177928 0.398538 0
30 0.449013 0.204079 0.346908 0
30 0.549615 0.0697227 0.380662 0
30 0.319324 0.392327 0.288349 0
30 0.474082 0.161241 0.364677 0
30 0.384917 0.286414 0.328669 0
30 0.455512 0.17864 0.365848 0
30 0.305454 0.402983 0.291564 0
30 0.455249 0.168421 0.37633 0
30 0.447745 0.159628 0.392627 0
30 0.482008 0.15889 0.359103 0
30 0.344419 0.343295 0.312286 0
30 0.36308 0.31047 0.32645 0
30 0.325801 0.354911 0.319287 0
30 0.425611 0.198288 0.376101 0
30 0.414171 0.242613 0.343216 0
30 0.439413 0.145375 0.415212 0
30 0.32374 0.36668 0.30958 0
30 0.370493 0.314128 0.315378 0
30 0.430493 0.262419 0.307088 0
30 0.492232 0.133211 0.374557 0
30 0.362672 0.295452 0.341876 0
30 0.359971 0.266405 0.373623 0
30 0.431667 0.203411 0.364922 0
30 0.406926 0.245142 0.347932 0
30 0.438504 0.193613 0.367882 0
30 0.475368 0.17355 0.345441 0.00564177
30 0.526244 0.0793545 0.394401 0
30 0.525054 0.0590958 0.41585 0
30 0.440074 0.168927 0.390999 0
30 0.421077 0.20199 0.376933 0
30 0.313563 0.410065 0.276372 0
30 0.388894 0.268313 0.342793 0
30 0.418006 0.232467 0.349527 0
30 0.432093 0.2181 0.349807 0
30 0.41705 0.213145 0.369805 0
30 0.465458 0.141179 0.393363 0
30 0.410025 0.259409 0.330566 0
30 0.338123 0.326491 0.335386 0
30 0.399016 0.305441 0.295543 0
30 0.462901 0.197821 0.339278 0
30 0.367455 0.254602 0.377943 0
30 0.353872 0.307903 0.338225 0
30 0.275358 0.515232 0.209411 0
30 0.348802 0.352412 0.298786 0
30 0.393609 0.310758 0.295634 0
30 0.433052 0.182122 0.384826 0
30 0.533707 0.103701 0.362592 0
30 0.398706 0.260776 0.340518 0
30 0.311108 0.374773 0.314119 0
30 0.487925 0.133108 0.378966 0
30 0.341734 0.358544 0.299722 0
30 0.441936 0.188901 0.369163 0
30 0.401109 0.211369 0.387522 0
30 0.494985 0.119318 0.385697 0
30 0.409965 0.193295 0.396741 0
30 0.37925 0.269809 0.350941 0
30 0.375921 0.294095 0.329983 0
30 0.452647 0.167758 0.379594 0
30 0.435759 0.191794 0.372448 0
30 0.34162 0.3062 0.35218 0
30 0.385969 0.28787 0.326161 0
30 0.358461 0.26651 0.375029 0
30 0.447934 0.214176 0.33789 0
30 0.380582 0.297569 0.302169 0.0196802
30 0.43259 0.183821 0.383589 0
30 0.460366 0.129062 0.410572 0
30 0.395491 0.294361 0.310148 0
30 0.431464 0.176998 0.391538 0
30 0.304276 0.411715 0.284009 0
30 0.414834 0.169335 0.415831 0
30 0.500919 0.159376 0.339705 0
30 0.475681 0.138183 0.386136 0
30 0.452194 0.186079 0.361727 0
30 0.357255 0.277784 0.347663 0.0172982
30 0.426302 0.21542 0.358277 0
30 0.486229 0.140886 0.372885 0
30 0.478222 0.102979 0.37603 0.0427687
30 0.37557 0.25039 0.358533 0.0155069
30 0.298465 0.381977 0.319558 0
30 0.341744 0.346177 0.306689 0.00539005
30 0.499552 0.138878 0.36157 0
30 0.313252 0.369649 0.317099 0
30 0.518356 0.0799802 0.401664 0
30 0.399796 0.242416 0.357788 0
30 0.550839 0.0793751 0.369786 0
30 0.443955 0.185881 0.370164 0
30 0.335179 0.305668 0.3432 0.0159528
30 0.367197 0.290802 0.342001 0
30 0.473013 0.143494 0.383493 0
30 0.330227 0.338788 0.330985 0
30 0.453089 0.158888 0.388022 0
30 0.472029 0.139937 0.388034 0
