30 0.379296 0 0.617906 0.00279858
30 0.360488 0.0033919 0.635555 0.000565317
30 0.328392 0 0.670086 0.00152216
30 0.411791 0.00176746 0.58385 0.00259148
30 0.339924 0 0.659571 0.000504806
30 0.411369 0 0.587513 0.00111767
30 0.380346 0 0.619654 0
30 0.357603 0.0596841 0.578647 0.00406618
30 0.416899 0 0.579419 0.00368161
30 0.465858 0.0476008 0.484851 0.00169069
30 0.49923 0.00069533 0.496929 0.00314554
30 0.360159 0.158559 0.476085 0.00519742
30 0.481242 0 0.518758 0
30 0.384548 0 0.614927 0.00052489
30 0.413539 0 0.586461 0
30 0.488939 0 0.50846 0.00260143
30 0.418345 0 0.578614 0.00304101
30 0.39044 0.00652611 0.600845 0.00218888
30 0.356862 0.149362 0.493175 0.000600972
30 0.430959 0 0.568329 0.000712088
30 0.447044 0 0.547847 0.00510892
30 0.353095 0 0.646028 0.000877174
30 0.391249 0.0406028 0.565524 0.00262423
30 0.497601 0.00443578 0.495463 0.00250009
30 0.395902 0 0.602597 0.00150139
30 0.382753 0 0.616599 0.000647356
30 0.401541 0.0456738 0.550592 0.00219347
30 0.449317 0.00799316 0.5411 0.00158945
30 0.353926 0 0.644769 0.00130465
30 0.438349 0.0103164 0.549911 0.00142306
30 0.511484 0 0.487914 0.000601753
30 0.387573 0.138847 0.473029 0.0005507
30 0.489872 0 0.507103 0.00302579
30 0.395706 0.00733959 0.594522 0.0024322
30 0.426493 0.0021088 0.560722 0.0106758
30 0.379333 0.119574 0.500324 0.000769168
30 0.413444 0 0.585404 0.00115183
30 0.357731 0.173418 0.46885 0
30 0.404822 0.0837917 0.508564 0.00282213
30 0.601948 0 0.39643 0.00162293
30 0.388593 0.123988 0.487419 0
30 0.484633 0 0.513744 0.00162246
30 0.361956 0.151704 0.486016 0.000324125
30 0.406861 0 0.590834 0.00230552
30 0.385582 0.0693448 0.5418 0.00327283
30 0.449177 0.0330221 0.517696 0.000104412
30 0.392251 0 0.605467 0.00228193
30 0.350203 0.141815 0.507982 0
30 0.499754 0.00380361 0.495353 0.00108948
30 0.383484 0.0347863 0.5772 0.00453044
30 0.453898 0.00905177 0.534817 0.0022337
30 0.397322 0.201808 0.400193 0.000676502
30 0.4374 0.00517622 0.555049 0.00237435
30 0.389501 0 0.609089 0.00141082
30 0.378869 0.0194981 0.600636 0.000996842
30 0.342333 0.102531 0.553507 0.00162909
30 0.399789 0.0429582 0.557177 7.55921e-05
30 0.387831 0 0.612169 0
30 0.384799 0 0.615201 0
30 0.366579 0.108862 0.523602 0.000956475
30 0.415229 0.00934405 0.572457 0.00297007
30 0.407518 0 0.582924 0.00955792
30 0.458357 0 0.538578 0.00306511
30 0.327643 0.0676427 0.604287 0.000427355
30 0.42487 0 0.574747 0.000383379
30 0.367802 0 0.631841 0.000357415
30 0.522215 0.0269716 0.450814 0
30 0.366175 0.192433 0.441064 0.000328031
30 0.508307 0 0.490345 0.00134761
30 0.419047 0.117992 0.461472 0.00148773
30 0.414936 0.0624949 0.519488 0.00308131
30 0.370449 0.0189741 0.610577 0
30 0.35986 0.149853 0.488661 0.00162598
30 0.459557 0 0.536848 0.00359508
30 0.499101 0.011889 0.486279 0.0027309
30 0.440696 0 0.559304 0
30 0.580116 0 0.418803 0.00108064
30 0.429031 0 0.56729 0.00367929
30 0.338841 0 0.661159 0
30 0.342515 0.00196307 0.655522 0
30 0.474937 0.00104812 0.520499 0.00351613
30 0.427733 0.0752674 0.496512 0.000488408
30 0.403077 0 0.591908 0.00501441
30 0.337506 0 0.662384 0.000109476
30 0.380654 0.0627975 0.552578 0.00397077
30 0.328798 0.0889173 0.57903 0.00325417
30 0.371871 0 0.627807 0.000321354
30 0.382279 0.0478494 0.569872 0
30 0.401643 0 0.598357 0
30 0.404299 0 0.595701 0
30 0.358888 0.163075 0.478037 0
30 0.412883 0 0.583743 0.00337372
30 0.397086 0.1273 0.475615 0
30 0.409387 0 0.587763 0.00284988
30 0.325307 0.104458 0.570129 0.000105473
30 0.454838 0.0586201 0.48422 0.00232159
30 0.373321 0 0.626679 0
30 0.391388 0 0.604955 0.00365692
30 0.426932 0.136097 0.434292 0.00267864
30 0.379287 0.00198175 0.616197 0.0025348
