15 0.0794697 0.112346 0.808171 1.36274e-05
15 0.0790925 0.0640985 0.852773 0.00403603
15 0.0603617 0.11495 0.818871 0.00581709
15 0.0792525 0.149107 0.770652 0.000988669
15 0.0489604 0.0693527 0.881003 0.000683534
15 0.0755978 0.0420651 0.863048 0.0192895
15 0.0761659 0.204006 0.705504 0.0143241
15 0.0740867 0.0833464 0.836718 0.00584909
15 0.0671244 0.0854378 0.839241 0.00819631
15 0.0594406 0.150411 0.788808 0.00134026
15 0.0552991 0.160748 0.776167 0.00778561
15 0.0678874 0.0876221 0.834187 0.010303
15 0.0592751 0.191625 0.73332 0.0157797
15 0.0773926 0.0789085 0.824778 0.0189209
15 0.0629232 0.0387152 0.89292 0.00544183
15 0.0560144 0.0921274 0.842943 0.00891546
15 0.0598564 0.282949 0.655412 0.00178282
15 0.0679591 0.0766668 0.832483 0.0228911
15 0.0427051 0.0345358 0.912507 0.0102522
15 0.057216 0.100255 0.835472 0.00705736
15 0.0801642 0.0760105 0.827762 0.0160633
15 0.0579379 0.205079 0.730136 0.00684723
15 0.0626635 0.0488242 0.878076 0.0104364
15 0.0718438 0.156222 0.755972 0.0159623
15 0.0866419 0.077492 0.82806 0.00780638
15 0.0661302 0.0921924 0.815922 0.0257551
15 0.0583841 0.118869 0.814463 0.00828326
15 0.0449954 0.238537 0.694749 0.0217192
15 0.0849535 0.0615579 0.835611 0.0178778
15 0.0836275 0.0905752 0.778667 0.04713
15 0.056327 0.0402213 0.89575 0.00770214
15 0.0689218 0.0800688 0.846037 0.00497283
15 0.0553085 0.241976 0.669304 0.0334119
15 0.0637021 0.0683833 0.862299 0.00561538
15 0.0621137 0.102366 0.826173 0.00934747
15 0.0731523 0.0322443 0.881997 0.0126063
15 0.0716656 0.119725 0.801566 0.00704339
15 0.0934429 0.213584 0.680803 0.0121694
15 0.0705735 0.0408434 0.87987 0.00871352
15 0.0781652 0.0848511 0.805618 0.0313656
15 0.081366 0.0851258 0.824116 0.00939216
15 0.0742245 0.0293482 0.894413 0.0020146
15 0.0766431 0.170226 0.751378 0.00175271
15 0.0544764 0.254076 0.675897 0.0155504
15 0.0636062 0.13802 0.795147 0.00322715
15 0.0721063 0.127723 0.788818 0.0113527
15 0.0703319 0.15611 0.769098 0.00445943
15 0.0683211 0.0855146 0.829935 0.0162295
15 0.0553364 0.0962534 0.845986 0.00242411
15 0.0594532 0.0775924 0.847247 0.0157073
15 0.0752713 0.026026 0.889151 0.00955164
15 0.0602273 0.120555 0.816845 0.00237233
15 0.0623367 0.0682397 0.866994 0.00242904
15 0.050859 0.0756716 0.856377 0.0170925
15 0.0733682 0.143952 0.768621 0.014059
15 0.0826639 0.130253 0.769812 0.0172717
15 0.0610949 0.122518 0.813546 0.00284137
15 0.0515829 0.154624 0.756201 0.0375922
15 0.0694108 0.11503 0.813357 0.00220253
15 0.0580196 0.122044 0.807109 0.0128283
15 0.0440636 0.215337 0.736278 0.00432205
15 0.0606346 0.0595184 0.872226 0.00762139
15 0.0744528 0.319061 0.582805 0.0236818
15 0.0807427 0.232892 0.685052 0.00131331
15 0.0639479 0.0811407 0.8432 0.0117111
15 0.0989682 0.122179 0.760877 0.0179756
15 0.0646856 0.0834388 0.844588 0.00728719
15 0.0722323 0.13518 0.790119 0.00246853
15 0.0642115 0.323881 0.611154 0.000753314
15 0.0537951 0.116308 0.823781 0.00611602
15 0.0693095 0.159123 0.757428 0.0141395
15 0.0507187 0.134221 0.813715 0.00134534
15 0.0555653 0.120905 0.816135 0.00739397
15 0.0639854 0.0851883 0.819176 0.0316504
15 0.0692316 0.0913105 0.83818 0.0012784
15 0.0667128 0.0791203 0.8477 0.006467
15 0.0486051 0.0760206 0.874923 0.000450991
15 0.0628854 0.134175 0.786422 0.016518
15 0.0634943 0.139448 0.796966 9.19665e-05
15 0.0718494 0.0901534 0.810308 0.0276895
15 0.0623075 0.0453676 0.884457 0.00786813
15 0.0658434 0.30045 0.633707 0
15 0.0630749 0.049079 0.875798 0.0120477
15 0.0517842 0.107057 0.841159 0
15 0.0771725 0.307312 0.590279 0.0252369
15 0.0711013 0.15683 0.760793 0.0112752
15 0.0708692 0.201765 0.727366 0
15 0.0805337 0.260985 0.657887 0.000593866
15 0.063083 0.103485 0.823068 0.0103632
15 0.0603717 0.109227 0.820312 0.0100901
15 0.0804842 0.15397 0.757661 0.00788524
15 0.0580503 0.0332452 0.90356 0.0051447
15 0.0577297 0.255634 0.67207 0.0145662
15 0.0487587 0.119725 0.831516 0
15 0.0696855 0.129784 0.788723 0.0118074
15 0.0796261 0.174046 0.741509 0.00481899
15 0.0539858 0.175105 0.770876 3.26506e-05
15 0.0462714 0.131545 0.783462 0.0387214
15 0.0430547 0.011833 0.942461 0.00265162
15 0.0529479 0.0338048 0.904584 0.00866344
